$grad                                                                           
  cycle =      1    SCF energy =  -349.50081348894   |dE/dxyz| =  0.005562
   59.63850498224357     28.02675599552407     36.71773755584282      n 
   60.87185338236191     30.54466816601304     36.85863119496103      c 
   58.84317606126915     32.46620697835731     35.99373327361044      c 
   56.77826208102745     31.66889336892519     35.32922840089538      o 
   63.15533967521583     30.53318828137097     35.05737340489650      c 
   62.22123539832381     29.64021633337003     32.71749461097403      o 
   57.69726798407778     28.37602958108971     36.52204487774097      h 
   60.22054840470658     27.17962673414954     35.04480431528747      h 
   60.01110760768519     26.85886029664238     38.22784180975577      h 
   61.47898828362354     30.98019067278137     38.78105070123384      h 
   63.95934504252885     32.42717064486104     34.86352895398416      h 
   64.62081942466689     29.27883517179102     35.81045941146451      h 
   63.60579798175757     29.23818821182906     31.60803666261094      h 
   59.51335226234023     34.88048571682767     36.05200462846798      n 
   57.81116364372876     36.88096226621681     35.23519922095670      c 
   56.95212134039924     36.34562625612446     32.51380361091102      c 
   54.72697444614306     36.21932520796528     31.93608039638740      o 
   59.09158853991572     39.48190151727231     35.44909437945236      c 
   59.53703914676908     40.25373976689777     38.21655627171130      c 
   57.53867176888894     41.45919420346974     34.02402766513436      c 
   57.14542499331888     40.66821657623761     39.76981946200787      c 
   61.22783759037568     35.40479573460885     36.71364762934069      h 
   56.09813742979055     36.85738109664803     36.39721471875039      h 
   60.95193265088527     39.37504284046522     34.54270530048854      h 
   60.70315275357826     38.84014283247924     39.16316544082034      h 
   60.61844546343507     42.01036095957713     38.19678186020314      h 
   55.55675090743696     41.39037671100984     34.55724267875759      h 
   58.25869399924706     43.34279645652196     34.41465673468281      h 
   57.64337856486880     41.15132332009127     31.99363870529886      h 
   55.94700450128942     42.09733110659366     38.91397605048260      h 
   56.06212584834050     38.93821052495718     39.97841933457232      h 
   57.65892025972545     41.32637376216809     41.64743995518629      h 
   58.85714125943356     35.85687700185756     30.91168826113201      n 
   58.47150112459482     35.43818742721484     28.22373104259998      c 
   56.09109774955183     33.82024525581466     27.87397145807059      c 
   54.33313361178823     34.42704264559668     26.50905711481253      o 
   60.80661557150056     34.12184362513990     27.07823392789025      c 
   60.27231983513427     33.35829393708264     24.34643734596608      c 
   63.13148752461510     35.83661751697343     27.16721501940579      c 
   60.64560417883414     36.28244074206817     31.42950864649777      h 
   58.13106074493829     37.23336342098298     27.23845988393379      h 
   61.19131675064798     32.41246534459928     28.17475477536582      h 
   61.89409062343307     32.38414677928526     23.54743685452395      h 
   58.63951330410533     32.11844672841762     24.21578243819472      h 
   59.89129010966949     35.01990002140304     23.19676132587406      h 
   64.70260932433115     34.91263846258246     26.21985003512811      h 
   62.75922761439144     37.60563231458585     26.18913522606773      h 
   63.72751585999747     36.26845561901129     29.08467325542296      h 
   56.17375717146274     31.62256627316148     29.14039103815610      n 
   54.16618845167308     29.77190514970352     28.92898555467028      c 
   51.72268881659805     30.75583038432150     30.13500480236056      c 
   49.71762643995701     30.73454672901099     28.96575963600552      o 
   54.97613712029123     27.30720022077291     30.18101532594201      c 
   57.66022953159401     31.20711388259579     30.26426912619035      h 
   53.74502299777583     29.49312861289618     26.91678889357415      h 
   53.50828262197057     25.89513700721002     29.93260405539724      h 
   56.69200909804779     26.61386161264753     29.29155235544324      h 
   55.27469739402635     27.62119168820671     32.18518307419333      h 
   51.92445349163341     31.45253300510306     32.54824500300712      n 
   49.74394305983594     32.16577574497438     34.05728671730906      c 
   48.06206535405547     34.09267383428381     32.70593020304765      c 
   45.77661129958608     33.77335644165813     32.48451721357036      o 
   50.61373208969713     33.21342386537926     36.61232730522094      c 
   48.40059989558131     33.70051843100741     38.41514317451963      c 
   47.24794629270351     31.27823490279987     39.48727189259795      c 
   49.10994041013780     29.95453791759684     41.00963650592242      n 
   49.20245264299528     27.48728337362796     41.47184859133970      c 
   47.54230309669769     25.90749510022407     40.45011681359853      n 
   51.11128416459166     26.56624151272109     42.84267861188896      n 
   53.65654561970407     31.71919716051291     33.33623693202539      h 
   48.57786357996562     30.47309849047558     34.32190555391590      h 
   51.92223239335719     31.86193083769322     37.45153813563342      h 
   51.60767494166322     34.98513913976576     36.26834785946774      h 
   49.04152090567914     34.90052746200773     39.96252815701113      h 
   46.90835534826270     34.71490593907985     37.42093582063598      h 
   45.59204808309413     31.77169613713182     40.62186138705204      h 
   46.61633249773431     30.08316269126908     37.93501672086212      h 
   50.25240240444194     31.09783450426423     42.02658775265589      h 
   46.01155989318211     26.53371567950596     39.50941044726677      h 
   47.66138518404967     24.03538016486196     40.76669221859609      h 
   52.30779581118055     27.72630174376730     43.76884958076241      h 
   51.11864861785634     24.72741796784692     43.33877628471790      h 
   49.25045908907727     36.16772404864865     31.89984441583904      n 
   47.85691656289237     38.17415537508170     30.67233602744003      c 
   45.88877244951909     37.07861853965532     28.85374199393980      c 
   43.68177627190556     37.75868762142198     28.83539386159564      o 
   49.64880498455281     39.91025058692054     29.21205894996320      c 
   51.17377318991372     41.20869830007435     30.96516010740900      o 
   51.15799030555470     36.35961863875254     32.01261109500435      h 
   46.85009638622793     39.30851809448502     32.09080959771401      h 
   50.81199097198546     38.78038465598465     27.91176742874401      h 
   48.50512710107763     41.21613376791740     28.08043847840325      h 
   51.94471697139821     42.63841972347792     30.14252041707159      h 
   46.85023962745490     35.36501975821864     27.26167043383535      n 
   45.38125492561793     34.25419556123784     25.24653937510467      c 
   43.51231367935198     32.32932158970701     26.34105704466591      c 
   41.25825758763708     32.37599970867985     25.78428852857358      o 
   47.13866231421207     33.03862028122675     23.30976638244055      c 
   48.77558789393181     35.03182066402476     22.00263457598310      c 
   48.91061062733497     37.21936359245672     22.71572114247691      o 
   50.07282974914682     34.15445576932009     20.01135672761146      n 
   48.70737994939541     34.93804097439864     27.32563212636915      h 
   44.25063349887711     35.74959606106280     24.35529859484136      h 
   48.37973247981216     31.69810671966517     24.27368237138534      h 
   46.01821778169379     32.02431741492445     21.90788129463462      h 
   51.19774675124929     35.34328940192933     19.04161686785256      h 
   49.91999520652116     32.35937818983378     19.41165251715465      h 
   44.50871294771813     30.64595299087493     27.91308739192610      n 
   42.98075567608480     28.75124114403556     29.17421414650358      c 
   40.40191321769949     29.83640811322845     29.87805637963355      c 
   38.41995899502560     28.78749662315422     29.27610889610034      o 
   44.31420753359659     27.83956805702498     31.58496772858305      c 
   42.56182212289319     26.18594801938390     33.09793493941898      c 
   41.30029808102487     27.14975037948532     35.19030994283466      c 
   42.11739326062500     23.70417914613338     32.36599329494998      c 
   39.60131699933591     25.65704743548504     36.50817874033363      c 
   40.42879406458245     22.21102836958640     33.69131694340003      c 
   39.15563588201050     23.19000290243009     35.75777631336615      c 
   46.37846156824653     30.73076289578279     28.36813884292761      h 
   42.62587471955995     27.16361818268608     27.88527241174347      h 
   46.01490774849244     26.81289260332162     31.03373445544505      h 
   44.82239458721261     29.51409513269713     32.67173396302025      h 
   41.61748230961398     29.08368116196074     35.76718320360176      h 
   43.09059788094447     22.94132437795986     30.74213932038576      h 
   38.61364151362060     26.43041534513407     38.11674434517462      h 
   40.09437906326512     20.28743591173967     33.10070464290170      h 
   37.82361170867395     22.03215274499891     36.77899602753149      h 
   40.47541189808496     31.90879545674355     31.30451296319876      n 
   38.20011907767919     33.00296006030192     32.35011487908607      c 
   36.05485156505024     33.11796211046559     30.41219973719204      c 
   33.87643525441740     32.57200719188123     30.99398982072661      o 
   38.76356630139399     35.65600317405929     33.34700117159230      c 
   40.35922901297762     35.55788781003175     35.75197398353814      c 
   41.43581620344004     33.66613658455392     36.49191045095174      o 
   40.47463147584990     37.76750026257742     36.98639013928906      n 
   42.14838965793806     32.70369465422608     31.79773680599956      h 
   37.51913389097635     31.81158972949821     33.91205694798752      h 
   39.80648010196054     36.72205638484920     31.91476721203024      h 
   36.99313816470497     36.63846107313833     33.73296439495530      h 
   41.47623414619139     37.89214425219254     38.60093174033971      h 
   39.56756515236501     39.31001449570982     36.35355177733828      h 
   36.70003871840601     34.02530923513229     28.14538868809291      n 
   34.85678820420213     34.42728913691416     26.16311941182054      c 
   33.23432687810508     32.08510259926891     25.70045683954749      c 
   31.00061403035346     32.25690264203719     25.09058621453235      o 
   36.21241127727220     35.28185965776383     23.73410274734784      c 
   34.35637733979726     35.53199514487830     21.54098446218192      c 
   37.54715033276374     37.80390008198765     24.18436047988910      c 
   38.53876225217993     34.02923929818904     27.60390754130289      h 
   33.53470645677405     35.90860512713642     26.77009100901275      h 
   37.62474725595730     33.84195153869613     23.27222729015227      h 
   35.34185734946359     36.16644666666138     19.85506960049644      h 
   33.43981261156234     33.74174633581194     21.12115739138148      h 
   32.88824300065351     36.89947275323207     21.99079931892765      h 
   38.45424765625794     38.41895110307650     22.44831225117270      h 
   36.18943324907801     39.23943298300460     24.74857906857147      h 
   38.99051599420580     37.65165561932877     25.63764914633709      h 
   34.40390151647862     29.85804922758775     25.94418287664137      n 
   33.04988972126278     27.50263552972779     25.63997623783003      c 
   30.49688258580877     27.45526174329562     27.00897359346092      c 
   28.76453263562384     26.16339644243217     26.17908715181752      o 
   34.65945506142876     25.34427064156158     26.67370205703851      c 
   32.78934819704838     22.44739745317099     26.88140191152583      s 
   36.15016900726233     29.75337108457760     26.74384196478889      h 
   32.61699911991683     27.18984611810417     23.63075393564720      h 
   36.25533300523912     24.99334137619595     25.42262550473163      h 
   35.33537821390890     25.82851160063076     28.55763986778268      h 
   34.77820217539205     21.02779678609017     27.51463173247467      h 
   30.41775676169456     28.60900410818862     29.25907860080760      n 
   28.20365412791925     28.42978124116672     30.83948013752519      c 
   26.15636331821968     30.42649235399874     30.32941956160399      c 
   24.35644010307623     30.61564334000293     31.77583042268294      o 
   28.97095548606907     28.53264533287012     33.62934939589052      c 
   31.05754070649219     26.65909992655391     34.35733447125071      c 
   30.66280688988790     23.96288921277532     33.41947195822436      c 
   28.32785421372793     22.90442387811601     34.39764666531589      n 
   27.17172092353326     20.87773686987230     33.47617746272771      c 
   28.23051148872119     19.48689102683664     31.67125441236836      n 
   25.01652990134157     20.10303555995585     34.53482477686211      n 
   31.74065779924103     29.90530859905054     29.77094424843577      h 
   27.28211453190562     26.62746294181273     30.37889025805833      h 
   29.64742963652671     30.44184388478825     34.01873182626934      h 
   27.25237644244199     28.25936027598767     34.72858071943606      h 
   32.83883940250948     27.32838474616237     33.57054195601678      h 
   31.22779950672862     26.66792721214060     36.40989459184244      h 
   30.61578163827372     23.95739873686182     31.35598596715966      h 
   32.25857442249125     22.80368226367097     34.04154323033458      h 
   27.45180514276067     23.90568431266302     35.76528301367296      h 
   29.75434995260379     20.10354826377082     30.70822573895182      h 
   27.29077575631274     18.00068657749957     30.94486378420721      h 
   24.10678661286390     21.19078403671390     35.79937988227235      h 
   24.04756717399383     18.63627558580276     33.80853970539097      h 
   26.47920446808315     31.87470926679654     28.28741656548129      n 
   24.71780234150652     33.84510189893648     27.62997663505042      c 
   22.67768886195148     33.20369751867267     25.66291279542133      c 
   20.56369839191503     34.15672474342529     25.96849757602963      o 
   26.12481183375113     36.21475176956773     26.74087383044389      c 
   27.92249776095821     37.32385217025388     28.72748076362919      c 
   29.32632834468360     39.56924387888475     27.57491543192918      c 
   26.52047487868243     38.14884914347983     31.10953971113574      c 
   28.03075587545089     31.69876651766933     27.17885024443417      h 
   23.62584976308317     34.26106276751197     29.34199251286800      h 
   27.20873354157358     35.71912633566303     25.05579970783325      h 
   24.71068781130164     37.62096245386659     26.20832182320155      h 
   29.29618325114727     35.85939181721452     29.23729532217617      h 
   30.71156644996423     40.31017016849893     28.89759079103286      h 
   30.28668882616007     39.00650646817287     25.84698457979846      h 
   27.99644346452076     41.06509258901261     27.10996559621629      h 
   27.80746677039750     39.09909535833040     32.39722327391770      h 
   24.99800185480382     39.44212780042741     30.62472275036913      h 
   25.70634971483847     36.53483464784560     32.08480369772503      h 
   23.25080928288567     31.91080939683614     23.58491023518282      n 
   21.29915996579293     31.31637974976476     21.76176718307964      c 
   19.68629659010669     28.96145472672049     22.62559205038403      c 
   17.94698839610001     28.34816199282637     21.16115442073229      o 
   22.77357351485587     30.75547270190711     19.35682569107373      c 
   25.09441339750692     29.37550286552374     20.37380275713284      c 
   25.56197761672525     30.56478630241972     22.97825109340489      c 
   20.28156762764145     27.93069914549994     24.64977518043765      o 
   19.98067117264261     32.90115370471513     21.58239590019420      h 
   21.65097832529690     29.60906779686641     18.07013105060486      h 
   23.30239183596060     32.51425781296800     18.41836023981832      h 
   24.65834364443401     27.37477640082267     20.59859010003566      h 
   26.72615721469210     29.57114583835292     19.14029012868014      h 
   25.93365028478359     29.08948965834246     24.37287064376122      h 
   27.14749687694441     31.88434445822559     22.93906227697691      h 
   0.5930922712787D-03   0.2989270580638D-03   0.2196095211316D-03
   0.1118914110027D-03   0.2882841536584D-03  -0.3147296106592D-03
  -0.2653552161883D-03   0.8401149224532D-04   0.9697701467358D-04
  -0.2880844586900D-03   0.5826597172247D-04  -0.1484033760981D-03
   0.3437679953192D-03   0.1435489241975D-03   0.5822125220852D-03
  -0.9220511318113D-04   0.3271808177641D-03   0.2721938557511D-03
  -0.1817365866627D-03  -0.9344251002824D-04  -0.2292502791450D-03
  -0.2513703489979D-03   0.4074707764460D-03   0.1216622891183D-03
   0.2712550998221D-03  -0.4189743107746D-03   0.1084768427776D-03
   0.5526802165949D-05  -0.1938008951638D-03  -0.7184946536102D-03
   0.2220078762633D-04  -0.2520054688536D-03  -0.3532025015607D-03
   0.3362909864470D-03  -0.9183462231907D-04   0.2970570810908D-03
  -0.3207823951464D-03  -0.3146456284720D-04   0.2596651116171D-03
   0.4167147444329D-04  -0.9504394104858D-04  -0.6621021847963D-04
   0.5784849532175D-04  -0.1378572061705D-03   0.2639489939914D-04
  -0.3812804547982D-04   0.1458153650372D-04  -0.7145623606561D-05
  -0.4669425402234D-04  -0.1578607395384D-04   0.9929797461079D-05
  -0.4139384302879D-04  -0.4628592035648D-05  -0.6440911893889D-04
   0.1392605141959D-04   0.1479293118083D-04  -0.7573374572709D-04
   0.4540907654453D-04  -0.1711853326711D-04  -0.2613022911163D-05
   0.4675942750164D-04  -0.8879552413464D-06   0.4273360685731D-05
   0.1396353915076D-03   0.3307069777069D-04   0.6139316603583D-04
   0.8398180075452D-05   0.1487113007509D-04  -0.1867276777178D-04
   0.4163483268445D-04  -0.3206602864061D-04   0.2620254401184D-04
   0.3437586095818D-04   0.5715438855632D-04  -0.5296512603007D-04
   0.7287409045613D-04   0.5926629779970D-05  -0.3277446764490D-04
  -0.6001801736697D-05  -0.6004095812783D-04  -0.1274675743776D-04
   0.7575304388926D-04   0.5309222650146D-04  -0.2482436111025D-04
   0.1042769762710D-03  -0.1237023261346D-03  -0.3567632220020D-04
   0.1044839607765D-03  -0.3240616512346D-04  -0.4072558879742D-04
  -0.2188717990900D-04   0.1492891363361D-04  -0.5248248737207D-04
   0.3007342432227D-04   0.9043245475349D-04  -0.3585776934540D-04
   0.2531775542164D-05  -0.4198163072465D-04   0.5474981373132D-04
   0.7754003351359D-04  -0.7088827950274D-04   0.8113929076330D-04
   0.2356114927658D-04  -0.2474046269286D-04  -0.4215704061760D-04
   0.1117977065357D-04  -0.2028479127480D-04   0.3456998824751D-04
   0.9102482300813D-04  -0.1287716683909D-03  -0.4842018016620D-06
   0.6856099731586D-04  -0.5511201084007D-04  -0.6899090018718D-05
   0.1189065417131D-03  -0.6916711964897D-04  -0.1012753339065D-03
   0.7435864591501D-04  -0.1274469476744D-03  -0.4465625278272D-04
   0.6763206500283D-04  -0.1917505074357D-03  -0.1115838578360D-03
   0.1116829739630D-03   0.4804390591377D-04  -0.1305022400785D-03
   0.1282561008544D-04  -0.8466550768399D-04   0.3852266968621D-04
   0.6620542255628D-04  -0.3127021299695D-04   0.5454851273991D-04
   0.6367547900197D-04  -0.1735605849279D-04   0.3021609411992D-04
   0.1067784828049D-03  -0.1511931475365D-03   0.7530516223779D-04
  -0.2283557735512D-05  -0.5884561617690D-04   0.1556294750669D-03
   0.3664491694134D-04  -0.2789342373916D-04   0.3932497549411D-04
  -0.4253680819047D-04  -0.3701023476451D-04  -0.7900475047633D-04
   0.9088451816256D-04  -0.2728013980134D-03  -0.8502370658777D-04
   0.3753243761556D-04  -0.7793754702249D-05  -0.5545943704127D-04
  -0.4217176869944D-04   0.1839645299461D-03   0.1292024957247D-03
   0.3569688380832D-03  -0.1997080741395D-03   0.3693620791935D-03
  -0.6341189982047D-04   0.9419300027281D-04  -0.5490243530321D-04
  -0.1333306779146D-03   0.2994565864993D-03  -0.3431525049637D-03
   0.3016383728835D-03   0.2359897395214D-03  -0.1536015293601D-03
  -0.2099273604302D-03  -0.1402111674112D-03  -0.3400236290011D-03
  -0.2353926547673D-03   0.2566384924914D-03   0.7925594173205D-04
   0.4601025684012D-04  -0.2136777506575D-05  -0.2166818235414D-06
   0.1507405847128D-04  -0.4148240924765D-04  -0.4277424166623D-05
  -0.4399307526710D-05  -0.3415350755289D-04  -0.3945531494018D-05
  -0.2441705796054D-04   0.9272073055759D-04   0.7274127781202D-04
   0.1350619027516D-03   0.3217726143400D-04   0.6781006392594D-05
   0.9463509869416D-04   0.1563883601401D-03  -0.1166975589257D-04
   0.1771001865257D-03   0.1065032962707D-03  -0.4939459853729D-04
  -0.5134183336336D-03  -0.5593550252588D-03  -0.2292876483479D-03
   0.2452607430040D-03  -0.1110475853087D-03   0.1527998069443D-03
   0.3953174346081D-03   0.7523249865173D-03   0.3039720524731D-03
  -0.2405570383499D-03  -0.3378691665358D-03  -0.3196678314489D-04
   0.6293835671007D-05   0.3706865832053D-04   0.3427084477691D-04
   0.1631911751918D-04  -0.4411593024000D-04   0.6603949084429D-04
  -0.1525180291834D-04  -0.1278807246672D-03   0.3246956415768D-04
   0.3929444052226D-04   0.1669003399998D-03  -0.4185449945018D-04
   0.1114404847452D-04   0.6610048242823D-04  -0.1018693527134D-03
  -0.4244218015880D-04   0.1292376784855D-03   0.3108714000713D-04
   0.3201895338517D-03  -0.6515259957805D-04  -0.1883936205924D-04
   0.4826053169775D-04   0.1935042282723D-03   0.2047901544238D-03
  -0.8869632190687D-03  -0.8785259303649D-03  -0.5434307617395D-03
  -0.2906393990286D-03  -0.1196259870636D-03  -0.2252652758293D-04
   0.4516817575708D-04   0.7208512260501D-03  -0.1346685846259D-03
   0.1469588652619D-02   0.8190157637743D-03   0.9474167629430D-03
  -0.1218416748133D-03  -0.6434360387799D-03  -0.3521423626722D-05
   0.4458777512692D-04   0.3693186704606D-04   0.1354141284800D-03
   0.1455721277291D-04   0.1857549475291D-04   0.9075583030310D-04
   0.1419442571822D-03   0.1373671922558D-03  -0.2022913185476D-03
   0.9665420742603D-04   0.1540413575702D-03   0.1432690151846D-03
  -0.2275160615586D-04  -0.1273810283940D-03  -0.4829327726194D-04
   0.9547390642490D-04   0.9097760831153D-04   0.1271290444253D-03
   0.6793079446436D-04  -0.1732559205993D-04   0.1345612462664D-03
   0.8911630996582D-04   0.1863263185979D-03   0.1641276175012D-03
  -0.1266270813375D-03  -0.1659257758532D-03  -0.6426726932995D-04
  -0.1240065463974D-03  -0.1769336462254D-03   0.1028248385092D-03
   0.1550054333761D-05   0.1040647940016D-02   0.1031099148142D-03
  -0.1506968935700D-03  -0.1252826578903D-03  -0.1980661256103D-04
  -0.5559841512967D-04   0.2696085374321D-04  -0.8146040416533D-04
   0.1973327504270D-03   0.1659855857743D-03  -0.1449961968130D-04
   0.1768021444614D-03   0.7265172013933D-04   0.2536401035998D-03
  -0.1418573767614D-03  -0.1434475477273D-03  -0.1149125500891D-03
   0.4482121040339D-03   0.2842028365247D-03  -0.9263539348123D-04
   0.9063728740608D-04   0.4863858780135D-03  -0.6042944410829D-04
  -0.2378328295498D-03   0.5062879697190D-03   0.1060660467959D-05
  -0.1598413644304D-03   0.1394722530115D-03   0.1767686332751D-04
   0.3238985628476D-05   0.8180244539687D-04   0.1312492709351D-03
  -0.1541598077075D-03  -0.3142729283451D-03   0.1336815940979D-03
  -0.5096739093561D-03  -0.6316962723838D-03   0.1846601052765D-04
  -0.1767538453484D-03  -0.6999604521656D-03   0.6224955301022D-04
   0.4106335998269D-03   0.5884955911220D-03  -0.1886287787071D-03
  -0.2254654954432D-04   0.1238273097181D-03  -0.5377874831908D-04
  -0.4895259937966D-05   0.6920160236027D-04  -0.2247652251416D-04
   0.7610142130754D-05   0.3749339044918D-04   0.3961401580762D-04
   0.3167955541932D-04  -0.4781390482288D-04   0.1166744708431D-04
   0.1975308136995D-05   0.3590368812966D-04   0.4690592680654D-05
   0.2559093355172D-04   0.8789115563479D-05   0.9762510942539D-07
  -0.6226249173418D-04   0.2627782300078D-04  -0.9145884290507D-04
  -0.1779676210144D-03   0.5587275375652D-04  -0.1144072943979D-03
  -0.6991714611186D-04  -0.1770767651038D-04  -0.7111430461496D-04
   0.1891033312887D-03  -0.9560180257821D-04   0.1102726138404D-03
  -0.1608293509343D-03  -0.2400451726996D-04  -0.1648481172297D-03
   0.1340999836195D-04  -0.9161393882593D-04  -0.5364045348336D-04
   0.5998520951553D-04  -0.1372389439940D-04   0.1438849694716D-03
   0.4209951904274D-04   0.1583344822867D-05   0.8888899748868D-05
   0.1505012795408D-04   0.3180017915441D-04   0.1472204546020D-04
  -0.1100061355207D-04  -0.3275413956196D-05   0.4725154891038D-04
   0.8566335670222D-06   0.5181738294050D-04  -0.2433823759161D-04
  -0.2058535117833D-05  -0.4402720356163D-04   0.1569880659113D-04
   0.1444561612546D-05  -0.1125820917747D-04   0.4095702549996D-05
  -0.8023057620586D-05  -0.3236261892427D-04  -0.6822767657333D-04
  -0.7012313688719D-04   0.3551621229753D-04   0.1815452663557D-04
  -0.2170129997531D-03  -0.8803284570265D-04  -0.1838680298710D-03
  -0.3559315619464D-04   0.1282367963321D-04  -0.1377253036831D-04
   0.3442939136554D-04  -0.7284789954596D-04   0.3159865854077D-04
  -0.2616616765851D-03  -0.1024579662180D-03  -0.1164026700805D-03
  -0.1479734525991D-03  -0.2783716954765D-04   0.1284641067109D-03
   0.3528292477537D-04  -0.1649962272449D-03  -0.1154909879960D-03
  -0.3257256285172D-03  -0.6306468947695D-04  -0.1399805244071D-03
  -0.2650881378152D-04  -0.2613053214569D-04  -0.1031019421094D-04
   0.3987489287703D-04   0.1403001259601D-03   0.8434853480834D-04
  -0.1160021603613D-03   0.2103917174151D-03   0.2100273281580D-03
   0.5591776306124D-05   0.3236371112591D-03   0.4593850614485D-04
  -0.1238444063583D-04   0.3939834188078D-03   0.3667891743634D-03
  -0.2156109039212D-04  -0.4380574361938D-03  -0.1071424632568D-04
   0.3362116004021D-04  -0.5111896218625D-04   0.3377694542024D-05
   0.1928337593228D-04   0.3501100135658D-04   0.1697229211206D-04
  -0.7092975962307D-04   0.1546648438294D-03  -0.2631169470234D-04
  -0.1008087520190D-03   0.6482472693064D-05   0.3239884665345D-04
  -0.2902062954592D-05  -0.3024046290864D-04  -0.8199787388949D-05
  -0.4092943715596D-04   0.2035410868655D-04   0.6875769908798D-04
  -0.5082916462725D-04   0.2279402325690D-04  -0.1737290260933D-04
   0.4746948158581D-04   0.1883423559830D-04  -0.1479742287281D-04
  -0.3415361944917D-04  -0.6758194951379D-04   0.1099790080858D-03
   0.1653779763584D-03  -0.1537089758571D-03  -0.9127310421240D-04
   0.7039178633421D-04  -0.1228493149753D-04  -0.2430181164527D-04
  -0.5106388098598D-05  -0.1094120331827D-04   0.3589664805741D-04
  -0.1137953543295D-03   0.1072061999410D-04  -0.1730927895689D-04
  -0.6642286697000D-04  -0.9139921140226D-04   0.1203853302693D-03
  -0.1080014367671D-04   0.8071646441062D-04   0.1180766020192D-05
   0.1316544856100D-04   0.4874214624798D-04  -0.4276308691350D-04
  -0.2416701811540D-04   0.1031021535074D-03  -0.1015975190799D-03
   0.4232865528454D-04  -0.9177213693413D-04   0.3335684517199D-04
  -0.1125864112677D-03  -0.6692526059779D-04  -0.4634266045244D-04
   0.4359059545006D-04   0.1066880074768D-04   0.4469994288386D-04
  -0.7394533910947D-04  -0.4829630954805D-03   0.7444963639447D-04
  -0.9135943390111D-03   0.4371802312482D-03  -0.2067870552305D-03
   0.4735012936279D-04  -0.5283353446336D-04  -0.9002410231317D-06
  -0.1285705661473D-04  -0.1089047176332D-03   0.3362678517610D-05
   0.2630392145391D-03   0.1505602829904D-03   0.3112763033750D-04
   0.2285251750268D-03   0.2208216202826D-03   0.2990014491379D-04
   0.5443234134495D-03   0.2659206289973D-04  -0.1920076697040D-03
   0.1985085026436D-04  -0.1310497775343D-03   0.5949682025960D-04
  -0.5967232762956D-04   0.9037134713956D-04  -0.3831911765575D-04
  -0.1193838285563D-03   0.3174437474545D-03   0.3092660409814D-03
  -0.1380115484745D-03   0.5213364051692D-04  -0.1393469063660D-03
   0.8080827459107D-04  -0.3083476812398D-03  -0.1832324674077D-03
  -0.1337858196702D-03  -0.3108273752750D-03   0.6082719337310D-04
   0.7860888534352D-04  -0.5789607765069D-04   0.1828561813368D-03
   0.4893369908114D-03   0.1455961103384D-03   0.2820887294271D-03
   0.3471443021752D-03   0.1577544331931D-03  -0.2671074035902D-03
  -0.9063187341976D-03   0.5783756343258D-03  -0.7064033793232D-03
  -0.3563449512128D-03   0.1026304796506D-03   0.1802561229531D-03
  -0.4432943149431D-04   0.3387719291349D-05  -0.8665659735655D-04
   0.6393396655643D-04  -0.3143597674409D-04   0.5797618360493D-04
  -0.1333747173438D-03  -0.7378040287543D-04  -0.3950783810109D-04
   0.1483835465910D-03   0.1340283199552D-03  -0.1410859809264D-03
  -0.4469599750270D-03  -0.1247135644556D-03   0.6942830123938D-05
   0.1102008019400D-04   0.1480577807145D-03   0.6337002444298D-04
  -0.1384249783214D-03  -0.1172034437828D-03   0.3893060161926D-03
   0.1202550134810D-03   0.2887429061581D-03  -0.1217942434893D-03
  -0.3535707293473D-03  -0.1714097584317D-03  -0.2301433483312D-03
  -0.9207680852136D-04  -0.4552432518828D-03  -0.5351874761879D-04
   0.2125445150107D-03  -0.8122204042057D-04   0.7642551380049D-03
   0.3383844471361D-03  -0.5967255424023D-03  -0.9441875733147D-03
  -0.2753511756171D-03   0.2446049084573D-03   0.5923182841796D-03
  -0.9392278731994D-04  -0.2940208127796D-03  -0.2609111828917D-03
   0.6645850935618D-04  -0.5988566769094D-04   0.3729669899086D-04
  -0.1670875516372D-03   0.8163239738575D-04   0.1449189454959D-03
   0.3510953446447D-03  -0.3643721131008D-03  -0.1593003985913D-03
  -0.9982609597774D-04   0.3810354927288D-04   0.7901886753294D-05
  -0.4504111632533D-04  -0.3481213094406D-04  -0.1134570851389D-04
  -0.1860002620565D-04   0.7914472593263D-05   0.1358954389555D-04
  -0.6814850386998D-04  -0.6006827036510D-04  -0.3820054667122D-04
   0.4913061834078D-04   0.1226852918643D-03  -0.2604200723805D-03
   0.3057870358948D-04  -0.8223641446384D-04   0.9892611768853D-05
  -0.4670858057097D-04  -0.9221667320069D-04   0.9505147617684D-04
  -0.1637368020899D-03   0.1256466560972D-03  -0.9065427812689D-04
   0.1448454467475D-04  -0.2224866902137D-04   0.3118225347058D-04
  -0.6696273144789D-04   0.5935481590134D-06  -0.3245415243577D-04
  -0.3781133910351D-04  -0.1121837039059D-04   0.1356805429772D-04
  -0.5638514731880D-04  -0.3326266392990D-04   0.4066401901969D-05
  -0.1174503510864D-03  -0.2607882424164D-04   0.2739226601334D-04
  -0.4265459391577D-04  -0.2944296155542D-05  -0.1519886690385D-04
  -0.1901788667609D-04   0.3482591358542D-04   0.1470157407552D-04
   0.1011738632714D-03   0.3157817461335D-03   0.2232812348488D-04
   0.1441482539424D-03   0.3097042702338D-03   0.6185464984945D-04
   0.5781367320319D-03   0.3926654726550D-03  -0.5386297765407D-03
  -0.2730391641003D-03  -0.3304677462197D-03   0.3147001653787D-04
   0.1232602573294D-03   0.9665557599364D-04   0.1977171744636D-03
   0.1005446175805D-04  -0.9275643447811D-04   0.1111145723850D-03
  -0.2037919634922D-03  -0.2574924149427D-04  -0.1551144535266D-04
  -0.1280050743086D-03  -0.2544327822154D-03   0.1783994539156D-03
  -0.1255703329961D-03   0.1088706115619D-03  -0.1478021901467D-03
   0.6794123814587D-04   0.8030302409551D-04   0.8451379688268D-04
  -0.1105124374619D-03  -0.8370448466764D-04  -0.1070583799014D-03
   0.1071450935578D-03  -0.1273172450046D-03  -0.1094452179255D-03
  -0.2470559826318D-03   0.4415121194152D-04   0.1772245104934D-03
   0.8990734457333D-04  -0.1534128222062D-04  -0.1954840550227D-03
  -0.4618566937794D-03  -0.3948357967639D-04   0.6761240650571D-04
$end                                                                            
