           2           1  0.977659652927525     
           3           2  0.933176971376500     
           4           3   1.61451533404943     
           5           2  0.980602640370421     
           6           5   1.00390324884718     
           7           1  0.851444388981178     
           8           1  0.874280016607679     
           9           1  0.889765081701484     
          10           2  0.939745586344528     
          11           5  0.961564065934368     
          12           5  0.963039889431878     
          13           6  0.866729577057171     
          14           3   1.33601128236298     
          15          14  0.977335124120960     
          16          15  0.928894408855274     
          17          16   1.64376264436984     
          18          15  0.970712464445043     
          19          18  0.992249335588274     
          20          18   1.00709862598094     
          21          19   1.02081981740050     
          22          14  0.912469277430273     
          23          15  0.940760786669829     
          24          18  0.961416659404501     
          25          19  0.971750408508626     
          26          19  0.974269647457274     
          27          20  0.983008147528689     
          28          20  0.983386840432520     
          29          20  0.983468539390773     
          30          21  0.985492357833748     
          31          21  0.982161979893872     
          32          21  0.985477223490871     
          33          16   1.28559322461670     
          34          33  0.978024601905857     
          35          34  0.934863293888728     
          36          35   1.64517318275459     
          37          34  0.966306295227520     
          38          37   1.00878233823820     
          39          37   1.00823567211829     
          40          33  0.910304468158170     
          41          34  0.953533242418062     
          42          37  0.959954593639182     
          43          38  0.983404966374898     
          44          38  0.983202798061657     
          45          38  0.986346702401819     
          46          39  0.981162906964586     
          47          39  0.985942428836261     
          48          39  0.977372598579070     
          49          35   1.28485423778849     
          50          49  0.976205411401209     
          51          50  0.932110650178829     
          52          51   1.59251228840355     
          53          50  0.993126776892166     
          54          49  0.911541450708395     
          55          50  0.956698923195364     
          56          53  0.979851995009150     
          57          53  0.976976159800113     
          58          53  0.975060066599651     
          59          51   1.33211187372486     
          60          59  0.978702776283987     
          61          60  0.935447582475166     
          62          61   1.60790233702556     
          63          60  0.979554298809047     
          64          63   1.00652919541700     
          65          64   1.00503687674402     
          66          65  0.988056711042103     
          67          66   1.31409800052032     
          68          67   1.32571000587372     
          69          67   1.30590684331467     
          70          59  0.878382049675837     
          71          60  0.941952186161471     
          72          63  0.960249502402501     
          73          63  0.969354904990177     
          74          64  0.968886437141967     
          75          64  0.970124232546804     
          76          65  0.958472315477853     
          77          65  0.957621410082826     
          78          66  0.908102848215827     
          79          68  0.921289959859665     
          80          68  0.916340903973918     
          81          69  0.914506417176127     
          82          69  0.916808086781875     
          83          61   1.30875514449330     
          84          83  0.991367572371487     
          85          84  0.932805456194153     
          86          85   1.63427762488822     
          87          84  0.979286842158275     
          88          87   1.00731156440464     
          89          83  0.879508688746644     
          90          84  0.950157295819189     
          91          87  0.963494686836940     
          92          87  0.970675414203061     
          93          88  0.871484724793701     
          94          85   1.29325589101699     
          95          94  0.983362372475463     
          96          95  0.928301758949240     
          97          96   1.58521051036297     
          98          95  0.988518640214599     
          99          98  0.959297602735789     
         100          99   1.65373895061038     
         101          99   1.30720428378868     
         102          94  0.917108461025490     
         103          95  0.954160851842737     
         104          98  0.947786187185225     
         105          98  0.960677140721829     
         106         101  0.924199736876811     
         107         101  0.926904697800491     
         108          96   1.35040126046741     
         109         108  0.972238910478792     
         110         109  0.940724688965079     
         111         110   1.58215020755794     
         112         109  0.961896872271297     
         113         112   1.00368391318432     
         114         113   1.41375266245845     
         115         113   1.41374952273249     
         116         114   1.44242790573929     
         117         115   1.44563347358690     
         118         116   1.44019800337503     
         118         117   1.43773380786798     
         119         108  0.862617746479453     
         120         109  0.952318273748122     
         121         112  0.963803787579868     
         122         112  0.957723500060391     
         123         114  0.963044310697488     
         124         115  0.968850613941848     
         125         116  0.969986547806426     
         126         117  0.970409955875205     
         127         118  0.970319395099434     
         128         110   1.32267285756753     
         129         128  0.985538500978356     
         130         129  0.938042930185972     
         131         130   1.60321409539523     
         132         129  0.982742191711664     
         133         132  0.958902156049619     
         134         133   1.66250192011388     
         135         133   1.30515562357204     
         136         128  0.893203832557663     
         137         129  0.946477505786650     
         138         132  0.950663964656069     
         139         132  0.961292776468735     
         140         135  0.918614511928541     
         141         135  0.934024853759822     
         142         130   1.30691857189514     
         143         142  0.984901873996049     
         144         143  0.942411180219341     
         145         144   1.59507337416105     
         146         143  0.960710867312731     
         147         146   1.00951533954325     
         148         146   1.00671168633027     
         149         142  0.887296378410015     
         150         143  0.945229600391693     
         151         146  0.962663995047652     
         152         147  0.983625903446526     
         153         147  0.985341567159384     
         154         147  0.984941847200003     
         155         148  0.982848941244247     
         156         148  0.985255690339856     
         157         148  0.981378182435554     
         158         144   1.30828057093689     
         159         158  0.980436068591169     
         160         159  0.934486835173990     
         161         160   1.62365136967768     
         162         159  0.986330013138402     
         163         162  0.992253992638254     
         164         158  0.876713903180298     
         165         159  0.954506316368186     
         166         162  0.971965375018545     
         167         162  0.964715451906492     
         168         163  0.933322190979034     
         169         160   1.29703604437201     
         170         169  0.988681458417078     
         171         170  0.930170896828758     
         172         171   1.61965424104949     
         173         170  0.977054604119736     
         174         173   1.00399186897474     
         175         174   1.00995889446560     
         176         175  0.980532739474095     
         177         176   1.32270735904950     
         178         177   1.32315068231967     
         179         177   1.30099882859806     
         180         169  0.887795252114546     
         181         170  0.936278657460044     
         182         173  0.972245460274400     
         183         173  0.968835747910138     
         184         174  0.969760075916812     
         185         174  0.967746459912559     
         186         175  0.955614994497181     
         187         175  0.955729812396780     
         188         176  0.913385643143698     
         189         178  0.913841364648557     
         190         178  0.918349373957748     
         191         179  0.920719535054586     
         192         179  0.918618972398027     
         193         171   1.30471328911292     
         194         193  0.989478677584949     
         195         194  0.931162661317857     
         196         195   1.56458538280201     
         197         194  0.972230947461728     
         198         197  0.990797221885014     
         199         198   1.00705319747499     
         200         198   1.01028016385990     
         201         193  0.890601572641549     
         202         194  0.949414194560366     
         203         197  0.970226828496441     
         204         197  0.973338535008370     
         205         198  0.966611164365476     
         206         199  0.984823205178057     
         207         199  0.983305073803396     
         208         199  0.986129131626535     
         209         200  0.983879646853453     
         210         200  0.986549987644328     
         211         200  0.983836672773431     
         212         195   1.32951540188808     
         213         212  0.973297321505615     
         214         213  0.870899057623874     
         215         214   1.49906813743901     
         216         213  0.990836064975589     
         217         216   1.00487927313847     
         218         212  0.974240345561961     
         218         217   1.00014921978590     
         219         214   1.51917168954378     
         220         213  0.958403937610715     
         221         216  0.976810480435194     
         222         216  0.977313275655394     
         223         217  0.982141007627946     
         224         217  0.978523103146086     
         225         218  0.962810546126326     
         226         218  0.962434689091995     
