   -0.15512493
   -0.03373270
    0.26321063
   -0.44110875
    0.04611403
   -0.46363678
    0.31159865
    0.30578134
    0.31382567
    0.14702260
    0.07114109
    0.08532866
    0.34357750
   -0.14838786
   -0.00417241
    0.27721724
   -0.45908791
   -0.02883618
   -0.06935556
   -0.11640679
   -0.11977013
    0.22363244
    0.10754507
    0.05092261
    0.05520180
    0.04305081
    0.05613650
    0.04911803
    0.03108690
    0.04026712
    0.05515778
    0.03996763
   -0.17999330
    0.01216592
    0.28755163
   -0.50623083
   -0.02904825
   -0.11657446
   -0.12359148
    0.21543649
    0.05319147
    0.07275589
    0.05707193
    0.03777669
    0.03534480
    0.05942417
    0.04022757
    0.05412171
   -0.18628885
    0.01839321
    0.27293696
   -0.50664435
   -0.15721894
    0.23113786
    0.06108107
    0.07927698
    0.08976663
    0.09695182
   -0.16940299
    0.00346430
    0.27762485
   -0.49757079
   -0.09869621
   -0.08412667
   -0.02802244
   -0.13649929
    0.22894838
   -0.23669785
   -0.25873254
    0.24779528
    0.09348077
    0.11190251
    0.07335841
    0.08071244
    0.05480427
    0.08458497
    0.08099636
    0.24110328
    0.22550407
    0.25279487
    0.25565864
    0.25146539
   -0.18075031
    0.01927116
    0.28136362
   -0.49775717
    0.07784830
   -0.45631924
    0.24933478
    0.07767607
    0.04095460
    0.02508896
    0.33916416
   -0.16857472
    0.03499411
    0.27087886
   -0.51095461
   -0.11503766
    0.29398528
   -0.49514786
   -0.29062535
    0.21171977
    0.06437675
    0.10142661
    0.08053789
    0.23414102
    0.23509172
   -0.18253278
    0.02302326
    0.28461718
   -0.51202288
   -0.09234781
    0.00458258
   -0.05511422
   -0.04074803
   -0.03759859
   -0.03410972
   -0.03752439
    0.25154291
    0.06890045
    0.08332152
    0.08002724
    0.05770189
    0.03787834
    0.04784120
    0.04244246
    0.04559342
   -0.17569437
    0.03163382
    0.27715076
   -0.49840159
   -0.11145119
    0.28844954
   -0.45113536
   -0.28878506
    0.24345679
    0.08689456
    0.08581393
    0.07205250
    0.24263837
    0.21722862
   -0.18188915
    0.02193634
    0.28109260
   -0.51308293
   -0.01768551
   -0.11118271
   -0.12120946
    0.22229120
    0.07029274
    0.05729649
    0.05616270
    0.02956590
    0.04083653
    0.05429136
    0.04945945
    0.05505065
   -0.19967922
    0.03993026
    0.28490052
   -0.49909104
   -0.02241655
   -0.32191031
    0.23416273
    0.05011086
    0.07630035
    0.09737338
    0.23498156
   -0.18415956
    0.02176167
    0.27176148
   -0.50899015
   -0.07727509
   -0.08515375
   -0.02860222
   -0.13528539
    0.23081977
   -0.23944984
   -0.26087341
    0.22155147
    0.07967179
    0.06344843
    0.07310166
    0.07461070
    0.09393343
    0.06827823
    0.10645336
    0.22999736
    0.23742220
    0.24769580
    0.24498109
    0.24927325
   -0.19036363
    0.03326920
    0.25949195
   -0.55784704
   -0.06540104
   -0.00629014
   -0.11390645
   -0.11485117
    0.21193932
    0.06797485
    0.04300728
    0.03979381
    0.03366845
    0.05499437
    0.03474337
    0.04380401
    0.05824381
    0.03728690
    0.03140464
   -0.08174023
    0.01948036
    0.37489418
   -0.64391705
   -0.05864851
   -0.05764057
    0.00440196
   -0.62945083
    0.01732705
    0.04219220
    0.04629867
    0.03973667
    0.06251580
    0.05449836
    0.06745995
