$grad                                                                           
  cycle =      1    SCF energy =  -349.50463290594   |dE/dxyz| =  0.003980
   59.45983485514854     28.06622648958876     36.71229871744679      n 
   60.75925288928705     30.55512771259294     36.65936699793185      c 
   58.68420995754806     32.51851339379171     36.04028745150539      c 
   56.54186352565490     31.76005338853752     35.62848039350747      o 
   62.77823204666807     30.48934654032564     34.57047572792528      c 
   61.52479209291798     29.70235723715717     32.34159528604839      o 
   57.51710658976540     28.45978855761867     36.78328413639694      h 
   59.79239078697373     27.16890734855085     35.00031267122099      h 
   60.00754449236916     26.92097619236322     38.18249468524026      h 
   61.62483655401216     30.98952794154458     38.48221097444739      h 
   63.63913969489166     32.35262743811025     34.32291806700084      h 
   64.26250347246592     29.14849516965261     35.10018432122348      h 
   62.76247348648354     29.23830383716791     31.08804325057354      h 
   59.39992992499338     34.92165272578040     36.00157499322628      n 
   57.65051194981432     36.92238641547069     35.29134538547632      c 
   56.75213276284775     36.44236211945313     32.57309042833776      c 
   54.51941506197754     36.25572059067693     32.04498243669806      o 
   58.86952538909174     39.54212213899743     35.58251457781840      c 
   59.33050969688305     40.21008352040676     38.37396852143647      c 
   57.24821701257534     41.53163335627839     34.25414352083081      c 
   56.94725321813716     40.52191145628594     39.96420908354982      c 
   61.18511524361422     35.42670124033675     36.45599845938202      h 
   55.96116440094195     36.81013197694852     36.48214104513864      h 
   60.71930379680337     39.51681009025219     34.64833529789243      h 
   60.52385703497540     38.77128452326164     39.24590958821624      h 
   60.38495252158040     41.98239595310653     38.41870749869335      h 
   55.27893274042049     41.40078994002879     34.82098659757224      h 
   57.93407039410575     43.41631385747755     34.69643210216554      h 
   57.32292599062175     41.29542721506967     32.21318727376909      h 
   55.72248174685360     41.97404306621188     39.18750472535422      h 
   55.88833727586859     38.76987174241010     40.10158889234961      h 
   57.46969699869567     41.09697523510364     41.86644391030710      h 
   58.62716492220395     36.03055517446082     30.91465396415560      n 
   58.15183818329609     35.58352329255418     28.24482462303842      c 
   55.86489249840403     33.81363349910388     28.01609838676741      c 
   53.99542474047355     34.31164992350578     26.75748691563201      o 
   60.50615141228857     34.41015146909375     26.99236985032199      c 
   59.89911289838872     33.63152996880478     24.27965639566598      c 
   62.73586825518542     36.24850757154606     26.99699136485948      c 
   60.41040523226565     36.53990627469518     31.36951130477527      h 
   57.65212363150299     37.35045523082379     27.27609958655442      h 
   61.03014003662970     32.71930603858526     28.05820415374614      h 
   61.53514517252688     32.74600639131772     23.40921541866708      h 
   58.32765844945794     32.30998885515224     24.20768182498999      h 
   59.38758494611050     35.27638387144603     23.15653211307682      h 
   64.31059290057173     35.41865162592210     25.97154009452334      h 
   62.22715146754416     38.00241919843646     26.05293459057557      h 
   63.39433114302758     36.69521996976968     28.89056297619441      h 
   56.14275830030943     31.63013183276243     29.28047646945373      n 
   54.23845865655679     29.66283429204800     29.12855572308606      c 
   51.73170623072503     30.59443528695848     30.24023655438255      c 
   49.74765455076433     30.41712651163430     29.05150942786166      o 
   55.13158430315014     27.31241716641414     30.53294602398448      c 
   57.74548120472902     31.25140784734401     30.25403951107045      h 
   53.86950939841973     29.24152147807712     27.13109180447399      h 
   53.74481865868538     25.81417027084648     30.31641210659732      h 
   56.91076550228179     26.66905366700754     29.73602323576792      h 
   55.34529158943830     27.74915844418560     32.52411329145171      h 
   51.86977557123298     31.41439809393927     32.62014366301379      n 
   49.63886365147285     32.09244455836972     34.06503968216624      c 
   47.95454835304147     33.97176674579705     32.65842776993100      c 
   45.68167508728550     33.59437232317958     32.38945046334758      o 
   50.41658145722287     33.16418781222761     36.63862873264812      c 
   48.14445886488018     33.69240926414714     38.35339168655887      c 
   46.80758509426501     31.30051363828446     39.26812792673669      c 
   48.52470755224819     29.79061839637629     40.78475949514535      n 
   48.47163615911992     27.29670769734134     41.08024656709549      c 
   46.79979190451230     25.85809131046183     39.88109183225296      n 
   50.26132052839913     26.19782838854413     42.48001858224217      n 
   53.57375677953357     31.77524081722635     33.43078783808662      h 
   48.50507988759759     30.37463242600409     34.30427220965618      h 
   51.68872762332985     31.81715538948140     37.53850305453413      h 
   51.43326120136002     34.92667447709299     36.31357345721923      h 
   48.77355238016086     34.79311680853406     39.97865365813338      h 
   46.75585433244051     34.82115029640541     37.33278304475895      h 
   45.13999033253999     31.84567174428471     40.36221991984312      h 
   46.15478598948111     30.22469770129578     37.63956513135126      h 
   49.69601725157275     30.80552926405039     41.90418726061661      h 
   45.35206090034935     26.60041727133173     38.89420629091281      h 
   46.81464047963815     23.96906242607628     40.10244473581499      h 
   51.45348743141382     27.23791456212612     43.53971394216751      h 
   50.16423735366104     24.33469228382943     42.85861072393776      h 
   49.10134946161519     36.06292298841413     31.84502680689643      n 
   47.67086020948822     38.00396393393775     30.55559950743159      c 
   45.80088766890702     36.80327530287300     28.70064301175753      c 
   43.56405857821630     37.37575408663631     28.62273942818329      o 
   49.44622373039991     39.79186974890040     29.13998139073474      c 
   50.88752131525833     41.12436772245277     30.93529698025951      o 
   50.99907335965268     36.31278468390725     31.99503619051961      h 
   46.57611567700396     39.10797463689200     31.93151687772827      h 
   50.67638289653641     38.69590077094394     27.87323687453992      h 
   48.29674894136608     41.06817688764631     27.97861444783172      h 
   51.71858511002533     42.52409891630642     30.11594085392105      h 
   46.87249715586796     35.10789858184761     27.16059997665055      n 
   45.48710978888246     33.92288390321232     25.12527682463151      c 
   43.59364885388310     32.01775825401114     26.21889379751503      c 
   41.34809537545132     32.06199864861918     25.63070687939236      o 
   47.33356029017574     32.68047799276182     23.29480579985618      c 
   48.97033482674596     34.66155940619974     21.97576539815789      c 
   49.02247747645090     36.88044725693618     22.59506082290838      o 
   50.37683935927254     33.73109391265226     20.08572814069902      n 
   48.75557530722315     34.80830514145676     27.22539297607006      h 
   44.37251740050205     35.37562057693107     24.14526793895112      h 
   48.57025398030142     31.40032444553646     24.34082725077794      h 
   46.28947655819527     31.60312408700253     21.88317304054222      h 
   51.49058864301917     34.91929637962902     19.09906580736293      h 
   50.25106000511057     31.91522297159934     19.54574681686058      h 
   44.56474327165911     30.36016705725412     27.83539833684463      n 
   43.00794653855685     28.51314851908036     29.13392012347621      c 
   40.47090258715955     29.67506441546638     29.87191065390829      c 
   38.44924227280666     28.67163376067974     29.32409859524198      o 
   44.36854705472416     27.60116455419872     31.52857294585939      c 
   42.60995695298774     26.05677657804117     33.14459993896941      c 
   41.47085654984495     27.12129018355778     35.25936255953251      c 
   42.04534929581064     23.57552568434252     32.49969491621768      c 
   39.78380755042271     25.72450569569070     36.69375312480359      c 
   40.35693395574103     22.18350970221207     33.93165201940084      c 
   39.21921188941490     23.25701005972932     36.03032012373321      c 
   46.42505753251756     30.45806968179245     28.32658153602443      h 
   42.59025677955248     26.92719097207616     27.86262903946402      h 
   46.01570671574210     26.50092942712618     30.95852616512660      h 
   44.96824159772096     29.28394504045771     32.55266165594493      h 
   41.85288692091569     29.06691104734924     35.75229918572087      h 
   42.91906830728139     22.73635409862472     30.85732096537935      h 
   38.89357687781217     26.57662123841074     38.31890829776019      h 
   39.92049126884251     20.26306798538547     33.40083025676500      h 
   37.89471067747696     22.17479829140806     37.14006073409126      h 
   40.63146422769565     31.76523696331925     31.25917094925810      n 
   38.41545273355095     32.97438312088467     32.30325139198159      c 
   36.25650301545459     33.11468013119082     30.38464912381156      c 
   34.06845641609770     32.63058237838867     30.98497401267772      o 
   39.09868423257644     35.63495169274658     33.19856068116003      c 
   40.73372896900370     35.56390013678971     35.57503694678793      c 
   41.59783936652909     33.63550297852935     36.47815177356639      o 
   41.14626926334666     37.85023125729175     36.58777845914997      n 
   42.33661131262519     32.53083979099934     31.69155306786993      h 
   37.71305353956442     31.85833033301545     33.91055892934629      h 
   40.14157068748570     36.61009592683556     31.70315140166832      h 
   37.37142094484560     36.69092471849603     33.58838876844406      h 
   42.14975591298084     37.99714621221630     38.20122159671033      h 
   40.37565268583159     39.41906334712871     35.84532773592728      h 
   36.90755286291025     33.97216457978561     28.10004542447648      n 
   35.05919521315032     34.39913033772464     26.12917765513960      c 
   33.40520189189536     32.07713203813785     25.67646023886212      c 
   31.17238878518703     32.27738436738571     25.07145711949149      o 
   36.41018611495135     35.24513549939769     23.69534183101519      c 
   34.53823945874016     35.55176402005635     21.52289089406450      c 
   37.79795190726828     37.73728666345187     24.15438168374809      c 
   38.74315425968985     33.95237690183437     27.55323680783260      h 
   33.75856453657892     35.89565975472945     26.74496971884242      h 
   37.78741320838314     33.78032574661277     23.21006066776188      h 
   35.51950416066632     36.17345311531339     19.83008508132039      h 
   33.57371341655914     33.78714644162903     21.10203378580554      h 
   33.10894257115281     36.95168608322285     21.99723977538264      h 
   38.69217078961405     38.35493610572004     22.41219255018630      h 
   36.47212414947687     39.18948411275269     24.75067058701653      h 
   39.25732778558928     37.54652569311085     25.58747743185337      h 
   34.54095253998632     29.83334245296179     25.92713713926407      n 
   33.14318454897325     27.50210885252326     25.63466962034612      c 
   30.63829407030831     27.47008954390822     27.08990285315737      c 
   28.88336066765228     26.16107189394344     26.33655869622969      o 
   34.76192138207148     25.30722600211506     26.57253432658841      c 
   32.87274079218748     22.42510627478588     26.82066860469401      s 
   36.27994800608023     29.70560180685013     26.73873640658709      h 
   32.63515389644672     27.23270350562683     23.63696116590497      h 
   36.29962211679315     24.95438446296804     25.25139393253595      h 
   35.51300424719687     25.75318056656479     28.43655374155723      h 
   34.85660659586922     20.97869616525094     27.40967233550436      h 
   30.62266089665304     28.66679234799318     29.31787681390542      n 
   28.45048117827286     28.52577300940710     30.95894863566133      c 
   26.41677622126091     30.54113678146336     30.47215734043447      c 
   24.64929899387589     30.76722220414384     31.95265966984296      o 
   29.28879099245497     28.65412046617423     33.72861154162218      c 
   31.41246204797236     26.80195311132606     34.40935397035012      c 
   31.03786167285419     24.11053525089117     33.44463073129786      c 
   28.71717834889580     23.01979885001105     34.42305161487855      n 
   27.59108511427721     20.97925607687678     33.49686105011391      c 
   28.67647108135372     19.61354714807662     31.68480362440367      n 
   25.45378922348251     20.15802824860615     34.55121864495840      n 
   31.96547535735001     29.96136747183732     29.78077503802790      h 
   27.49823380940443     26.72824332134000     30.54431644738476      h 
   29.95565483728458     30.57201738506299     34.09186687576107      h 
   27.60236057838162     28.36544205168605     34.87386866775039      h 
   33.17851769537489     27.50369333822092     33.61213057000976      h 
   31.60414179777869     26.78616455589948     36.45996282493318      h 
   30.98203884384601     24.12938626727838     31.38089695350855      h 
   32.64364886635529     22.95556009077185     34.04958276079362      h 
   27.85717696750613     23.98581233176951     35.82466843983433      h 
   30.15436666118269     20.29749123044328     30.69130034877160      h 
   27.71420643037458     18.17277505405278     30.89663441036752      h 
   24.55572150700505     21.19550778070093     35.86778456031917      h 
   24.51806240653652     18.67701800319235     33.81134176192680      h 
   26.72241396956476     31.96890841322244     28.41291530932376      n 
   24.98404757131854     33.95961462402977     27.75781906614808      c 
   22.91157242527769     33.34416297877199     25.81502401973962      c 
   20.83288570544396     34.37445412733722     26.11813934521676      o 
   26.42276130818622     36.29641747058443     26.83043992612230      c 
   28.27437560223204     37.38476353386766     28.77882696149869      c 
   29.68372581335033     39.61169954128415     27.59696963641257      c 
   26.93323211526512     38.22863836949456     31.18913430690503      c 
   28.25217277363733     31.75644398287258     27.28177943209427      h 
   23.91805010385367     34.41029659324364     29.47748290072026      h 
   27.46759053289629     35.76868601421006     25.13007181638909      h 
   25.02641016433699     37.72492395194760     26.31233850846123      h 
   29.63880438550969     35.90302459954534     29.26254150603524      h 
   31.11016517130762     40.32911519913007     28.88887681360307      h 
   30.59491270070827     39.03901465644990     25.84575675587421      h 
   28.36592946681042     41.12821320345473     27.16548103068526      h 
   28.26008979297410     39.16461358486946     32.44649977155103      h 
   25.41566077480352     39.53922659639608     30.73635983073044      h 
   26.12180541393635     36.62449693511018     32.18314576064739      h 
   23.42291154480070     31.99231913612464     23.75843085660937      n 
   21.43363956984849     31.43243488108314     21.96368328601271      c 
   19.73887553161298     29.16198523005316     22.89464469032551      c 
   17.94979094226385     28.60287792052894     21.47137240534486      o 
   22.86437410878163     30.76256753039615     19.55979167831210      c 
   25.14105918175698     29.32036257302516     20.59093198335847      c 
   25.68527212223745     30.56284348896625     23.15549086708677      c 
   20.33540782062328     28.13776566891782     24.92092951991172      o 
   20.17267651410418     33.06104098010561     21.76242826118416      h 
   21.68846780660983     29.63035213210031     18.30772735963749      h 
   23.45117205093053     32.48097148826842     18.58133314836696      h 
   24.62564711869894     27.34717284658075     20.88159793223163      h 
   26.76510750688720     29.41315019583419     19.33461576542424      h 
   26.02992322345824     29.11493471336996     24.58562629429693      h 
   27.31118044811676     31.83092139220041     23.05763674312082      h 
   0.5049089930270D-03  -0.2085160178575D-03   0.3017009043203D-03
   0.1852182099358D-04  -0.1199684180661D-03  -0.2971529799175D-03
   0.7259229966437D-04  -0.1076984492619D-03  -0.2452693305594D-04
   0.5884844973326D-04  -0.7648580946952D-04   0.6649723866001D-04
  -0.1675115676249D-03   0.9331234783689D-04   0.1503282741778D-03
  -0.3270534773376D-03   0.4874487494597D-03   0.7016127564730D-03
  -0.3243940542486D-04   0.3693563211859D-03  -0.4514117472867D-03
  -0.2959411029390D-04  -0.2625964274986D-03  -0.9995065280429D-04
  -0.1328168575267D-03   0.7462184232339D-03  -0.5446526460222D-03
  -0.2229805311455D-04  -0.3876465531201D-04   0.1520618042177D-03
  -0.2374829034246D-05   0.8335247242465D-04  -0.6755422714646D-04
  -0.1586593180035D-03  -0.1582347206973D-03   0.1496667273501D-03
   0.3761635777153D-03   0.1458352197570D-04  -0.1328766039859D-03
   0.2137322585368D-03  -0.2068482611498D-04   0.4902211247935D-04
  -0.1570674332934D-04   0.1488682733327D-05  -0.2704025690298D-04
   0.2944387495616D-04   0.2966285211323D-04  -0.6362494868060D-04
  -0.5200381210697D-05  -0.9912814708874D-05   0.5170952970813D-04
  -0.1361752656830D-03   0.1348427893604D-03  -0.6421346149235D-04
  -0.5004851697684D-04   0.4870452729308D-04  -0.2876094602977D-04
   0.9291048579220D-04   0.4839481503355D-04  -0.3940660061665D-04
  -0.7203960120903D-05   0.1455528490158D-04  -0.6266693756121D-04
  -0.1067612034809D-03   0.5455007813469D-04   0.2991029240144D-04
   0.6461105287244D-06   0.1833699222705D-04   0.1699633988476D-04
  -0.7183318823334D-05   0.1557249086495D-04  -0.6402231269766D-04
   0.2748370109109D-04  -0.7977436713705D-04  -0.8864225335183D-04
   0.2123045182564D-04   0.2966125360724D-04  -0.5034708507008D-04
   0.1735793758244D-04  -0.2580917005289D-04   0.5732942280806D-04
   0.9924232818785D-05   0.2096136438464D-04  -0.1045416567295D-03
   0.2249596289874D-03  -0.1310022812979D-03   0.1972170143049D-03
  -0.2018156370282D-04   0.1833792842968D-04  -0.3815982587542D-04
   0.1029135755074D-04   0.7879341314246D-05  -0.3175925128781D-04
   0.9315947732128D-05   0.3081942389683D-04  -0.2418825691279D-04
   0.6363950747960D-04  -0.1033330108383D-03   0.2126903625494D-05
   0.7674448483351D-04  -0.6632153110945D-04  -0.1326135082371D-05
   0.4404968541366D-04   0.3063013946450D-04  -0.7983325271503D-04
   0.7140012289950D-04   0.7810820078434D-04  -0.8945152491097D-04
   0.1221018024370D-03  -0.2753123107483D-03   0.1386093242385D-03
   0.7227128054999D-04  -0.7705153292444D-04   0.3197283501132D-04
   0.2934971832750D-04  -0.1056584668874D-03   0.3941616854660D-04
  -0.6524459938137D-05  -0.1210712898809D-04   0.5467554855547D-05
   0.4252533939437D-04   0.2992863539065D-04  -0.1326569412149D-03
  -0.1925756199119D-03   0.2612634458800D-03  -0.6242571773126D-04
   0.6892675430827D-04  -0.9078141234992D-04   0.4093135822215D-04
   0.7478122474930D-04  -0.3910073163318D-04  -0.1333985646499D-05
   0.5935093846353D-04   0.4511324726495D-04  -0.8026344709945D-04
   0.8184608332486D-04  -0.1083379378296D-03   0.2257540234657D-04
   0.2912856893939D-04  -0.8799907868369D-06  -0.3198425295765D-04
   0.6771345377275D-04  -0.7641464447792D-04   0.7412573773650D-04
   0.2050556039934D-04   0.3012296450574D-04  -0.1758765066479D-04
   0.4831596207752D-04  -0.2333401039986D-04   0.2187093039833D-05
  -0.3314173139077D-04   0.8771106133999D-04   0.1066780774244D-04
   0.2197925832169D-04  -0.1685915450506D-04  -0.1611667697257D-04
  -0.5355906637448D-05  -0.8986573449121D-04   0.2640452686067D-04
   0.2196581133474D-04   0.4181828642705D-04   0.2533342309530D-04
   0.3024095965377D-06  -0.2048253477955D-04  -0.2723138037172D-04
   0.8085649487758D-06  -0.1503696600868D-03  -0.6045413013765D-04
  -0.1494803576550D-03  -0.8454920869565D-04   0.2703003782784D-04
   0.2382261789037D-04   0.5229080356209D-04  -0.8414782611121D-04
   0.5735209928096D-06   0.2387586488360D-04   0.4510341605444D-04
  -0.2608351357042D-04  -0.6079993299110D-06   0.3039111418342D-05
   0.2096411485121D-04  -0.1797458862581D-04  -0.2703217734994D-04
   0.7737905493450D-05  -0.1081662653965D-04   0.1443419112578D-04
   0.4879180204137D-05  -0.2943044173813D-04  -0.9616065096249D-04
  -0.4084101380229D-04  -0.5816927835429D-05  -0.1178714162683D-03
   0.7315696186206D-04  -0.2914716130294D-03   0.1726502688015D-03
   0.6568033778760D-04   0.2331280997431D-03   0.1527087548883D-03
  -0.2660571073592D-03  -0.1149944640826D-03  -0.9000471771650D-04
   0.1530436899059D-03  -0.4542625911135D-03   0.1527390123437D-03
   0.8517758379822D-04  -0.1423865520055D-03  -0.4975949012163D-04
   0.3363826221670D-04  -0.1802271866834D-04   0.3429495290759D-04
  -0.6072063861064D-05  -0.2102314123633D-04  -0.1952555039409D-04
   0.1287598764065D-04  -0.2838730564591D-04   0.4186726986762D-04
   0.6439041825474D-04   0.5606300736180D-04   0.2858660944452D-05
   0.1226538074737D-03   0.9395429764807D-04   0.1580992485528D-03
  -0.1189282035115D-03   0.2192974781674D-03  -0.3122755798368D-04
  -0.3964321780027D-04   0.9360506487213D-04  -0.3930684556464D-04
  -0.2873963142066D-04  -0.4235465126357D-04  -0.1027031489885D-03
   0.6811468578519D-04  -0.1191979487047D-03  -0.1011504068847D-03
   0.2971569975146D-03  -0.3574039509502D-03   0.2351731028766D-03
   0.1553549816338D-03   0.7343903267733D-03   0.8099559046817D-04
   0.1695617601871D-03   0.2589738076671D-04   0.1569094726826D-03
  -0.1291485399586D-03   0.2785958305461D-03  -0.1095231300375D-03
   0.2477129019591D-04   0.6186387202657D-04  -0.7208087206957D-04
   0.7216739661283D-04   0.2013471278786D-03  -0.1828722966213D-04
   0.9068936144511D-05   0.6865146778902D-04   0.5497262157537D-04
   0.3439814706528D-04  -0.1084859760214D-03  -0.3196023894511D-04
  -0.1450902372283D-05   0.1519329704809D-03   0.3590407288097D-03
  -0.3496675641413D-03  -0.1227232830607D-02  -0.2497242088998D-04
  -0.4735920106084D-09   0.3439225491212D-04  -0.2421223689272D-04
  -0.5740413563950D-04  -0.9330987122203D-05   0.3636866073760D-04
   0.3730447008027D-04   0.6832811164199D-05   0.1921856510196D-03
  -0.2413285429654D-03  -0.1408078770979D-03  -0.8305649090092D-04
   0.5209969961672D-03   0.1406028112514D-02  -0.3859644465399D-03
  -0.3900916356703D-04  -0.2222020586018D-04   0.9280642667534D-04
   0.1268631800987D-03   0.1133245448284D-04  -0.6044524998648D-04
  -0.8352095570732D-04   0.8236894554493D-04   0.6082882995405D-04
  -0.3070563708824D-04   0.4822360127077D-04  -0.8712273033891D-04
   0.7199105985724D-04   0.8482448266079D-05  -0.5784422956821D-04
   0.5304267694714D-04   0.1355742597395D-03  -0.8399034433013D-04
   0.1258124949487D-03  -0.2396323684435D-03  -0.1826244283401D-03
  -0.6893506920351D-03  -0.1447713229640D-03   0.5996025260076D-03
  -0.3153105897283D-04   0.9785050524001D-05  -0.2916091116535D-04
  -0.4529646649108D-04   0.8353870584747D-04   0.5662776282335D-04
  -0.1421361136305D-03   0.3203462924581D-04  -0.1189939949728D-03
   0.5294204625415D-04  -0.3271403417359D-04   0.8358139816589D-04
   0.4324479838029D-03   0.6809603886518D-03  -0.2630111269414D-03
  -0.1489435971820D-03  -0.1498138800680D-04   0.7393854062189D-04
   0.4167517385853D-04  -0.4641635151590D-04   0.2127186547206D-04
  -0.2295908124755D-04  -0.1127633509018D-04   0.1372697112818D-04
   0.3779191438648D-05  -0.3162882640327D-04  -0.4293717137438D-04
   0.5475744171905D-05  -0.6165513214941D-04  -0.1209353504909D-04
   0.7440597572484D-05   0.2033366147203D-04  -0.4977491211918D-04
   0.1505231490138D-04   0.2324665551880D-04  -0.2933347603415D-04
   0.2279770755719D-04   0.9451720412785D-07  -0.2587177080271D-04
   0.2431073227548D-04   0.2904994141086D-04  -0.5382892604138D-04
   0.1702527589526D-04  -0.2906768880217D-04   0.3079188084867D-04
  -0.1718018737063D-04   0.4277964626208D-04  -0.4240423041416D-04
  -0.2891374518652D-06   0.9156141926609D-05  -0.1057951362328D-06
  -0.6275731882577D-05   0.5623194820593D-04   0.6557641993252D-04
   0.4869903994120D-04   0.3018119295091D-05   0.5623645896427D-05
   0.2772459079944D-04   0.2238050620988D-04  -0.1130958382964D-04
   0.2924429478170D-05   0.2438228561200D-04   0.4428959454453D-05
  -0.2721480133647D-04  -0.1674575755594D-04  -0.3844337397098D-04
   0.1822713387929D-04  -0.7345422419501D-05  -0.2120042881261D-04
  -0.1558494746108D-04  -0.2933184254562D-04  -0.4075561586608D-04
  -0.2226485829482D-04   0.1689015085293D-04  -0.7858492160177D-04
   0.2749614859345D-04  -0.1854113756504D-04  -0.3069159502541D-04
  -0.5057223608430D-06  -0.3266854943703D-04  -0.3539929377429D-04
   0.1032094016665D-03   0.1084399606582D-03   0.6825844241396D-04
  -0.2794790678294D-04  -0.5135820873847D-06  -0.1629998869896D-04
   0.8242471096157D-05   0.7140142726193D-04   0.1173277890672D-03
   0.1103079596446D-03   0.2288210898570D-03   0.2626726978983D-03
  -0.6293085670863D-05   0.6950869649951D-04   0.1772615277088D-03
  -0.8613631329476D-04   0.6220690059159D-04   0.6457839706217D-04
  -0.2747905100066D-03  -0.4533508954683D-03  -0.5273309788695D-03
  -0.3127678654248D-04  -0.5777362620884D-04   0.2995258459201D-04
   0.1598852761884D-04  -0.5722399019668D-04   0.3836296602950D-05
  -0.1690583609778D-03  -0.2553832469913D-04  -0.9056784041769D-04
  -0.3837552109419D-04  -0.3893823867234D-04  -0.1320712476295D-03
   0.3333126998338D-03  -0.2808740240678D-03   0.4618205972345D-03
  -0.3282371175660D-03   0.4694474129973D-03   0.5839025508596D-04
   0.8906384921291D-05   0.3666028662210D-04  -0.1074767995519D-04
  -0.8091067198756D-05  -0.1311284432587D-04  -0.2493964063138D-04
   0.3009215079352D-05  -0.2674678952473D-04   0.3865103329965D-04
  -0.1022595040024D-04  -0.3314541655514D-04   0.2835573500084D-04
   0.2092272895844D-04  -0.4488274668301D-04   0.3298348668408D-04
  -0.1848440270681D-04  -0.3228285847982D-05  -0.3409451923862D-04
  -0.4552926433281D-04   0.2476892811584D-04   0.9869505068587D-05
   0.5396518317277D-04   0.4617419907248D-04   0.4220238715912D-05
  -0.1821186825719D-04  -0.1393878793812D-04  -0.5425062976355D-05
  -0.4822211378636D-04   0.2732796833829D-06   0.2291632065240D-04
  -0.3718725260438D-04   0.7039231608534D-06   0.4826083687289D-04
  -0.4394403304694D-04  -0.6978472760391D-05  -0.2152686086029D-04
  -0.3402867368939D-04   0.1057076866972D-04   0.1601617114477D-04
  -0.4857189902658D-04  -0.5798331836718D-05   0.1703959897623D-04
  -0.2849871780791D-04  -0.3223068220288D-04   0.5486875195971D-05
  -0.1403868522766D-04   0.4885370765448D-04   0.3394772241703D-04
   0.5290869098010D-04  -0.4358823012740D-04  -0.1662522892836D-04
  -0.3915188466011D-04  -0.6050620621663D-04  -0.2920870834539D-05
  -0.5609396613923D-04  -0.5113226468593D-05  -0.2881021611076D-04
  -0.9431083490492D-04  -0.1085164076761D-04  -0.2860652920310D-04
   0.7297036815105D-04   0.3284655439145D-04  -0.6268659366645D-04
  -0.1463397882268D-04   0.5410390562493D-04   0.3408697394535D-04
   0.4821841410361D-04   0.3716212171277D-04  -0.5163104197573D-04
   0.2241479023445D-04  -0.1391248544012D-04  -0.2356623815923D-04
   0.5890488822112D-04   0.7316121865451D-05   0.3322863778197D-04
  -0.6810295480187D-04  -0.4258299037833D-04   0.3450155103749D-04
  -0.2348727479387D-04   0.2308187559671D-03   0.6601584347488D-04
  -0.3255984919435D-04   0.5346705961444D-04  -0.3473312492223D-04
  -0.3098301205211D-04  -0.1381679004976D-04  -0.7530072302972D-04
   0.8791402693999D-04  -0.5560994979626D-04  -0.1107117340557D-03
  -0.5272051815492D-04   0.2148875910510D-04   0.8828552448163D-04
  -0.1463196469607D-03   0.3535708004001D-04   0.6469119186826D-04
  -0.2754873961402D-04  -0.7597253349798D-05   0.2756938223090D-04
  -0.1743937850086D-03  -0.2309286771848D-03  -0.6896242472477D-04
  -0.1610828623122D-03   0.8933888141053D-04   0.1667791806872D-04
  -0.3321460470561D-03   0.1605694031934D-03   0.1916384875538D-03
  -0.3024470422824D-03   0.1367562612005D-03   0.2204507563259D-03
  -0.1378743289796D-03  -0.2919065596447D-03  -0.6207103039203D-03
  -0.3753922554998D-04  -0.3004710167537D-04  -0.2731940818868D-04
  -0.1247374020528D-04  -0.8741083885694D-05  -0.4463011251546D-05
  -0.5636281577425D-04   0.6481625432050D-04   0.4888741735654D-05
   0.2284932897687D-04  -0.2206719356032D-04  -0.5474795290285D-04
   0.1564963377182D-03   0.1465741911624D-03  -0.8939515410294D-05
  -0.4392318269745D-04   0.9667317550121D-05  -0.5523611023530D-04
   0.1135167581577D-04   0.1285890629274D-03  -0.4424467705149D-04
  -0.9747755799520D-04  -0.2294338520723D-04   0.8000028253377D-04
   0.8408720128954D-04  -0.1702259955100D-03   0.8153909700120D-04
   0.2712665307252D-03   0.2158974661430D-04   0.1311864953499D-04
  -0.1330008272819D-03  -0.1821779230197D-03   0.3928430528242D-04
   0.5345626772626D-03   0.1575699179369D-03  -0.1609038311414D-03
  -0.3204431565386D-03  -0.1007827298064D-03   0.2370130607667D-03
   0.2040924963894D-06  -0.3461864690100D-04  -0.2192417943275D-05
  -0.2051953137816D-05  -0.7040404450731D-04   0.3197133987377D-04
   0.1847654123475D-04  -0.7561090570195D-04  -0.5607551067097D-04
   0.6252429697036D-04  -0.7732115175112D-04  -0.7937484943572D-04
  -0.3927532432890D-04   0.1575333450003D-05   0.9021766701302D-05
  -0.9088800440037D-05   0.4367430287681D-04   0.8713633616338D-05
  -0.2394652493603D-05   0.2187390904687D-05   0.2559485365679D-05
  -0.7444110702534D-04  -0.7870531126913D-05  -0.3700706148400D-04
  -0.4150963729825D-04   0.1508183435796D-04   0.4314591436831D-04
   0.2299302898598D-04  -0.3182190019321D-05   0.1035359479666D-04
  -0.4844663836797D-04  -0.5350651571962D-04   0.2205938771391D-04
  -0.4365605790065D-04  -0.1058492654110D-04  -0.2108056035988D-04
  -0.4586561925968D-04  -0.1309374113557D-04  -0.5292284766642D-04
  -0.1786200052867D-04   0.6631731523601D-05   0.2042461348391D-04
  -0.1601366296562D-04   0.7510025138279D-05  -0.5012581332788D-05
  -0.3197089717001D-04   0.3018999022135D-04  -0.2063219457616D-04
  -0.2481221098279D-04   0.8028078421432D-05   0.9170212042992D-05
  -0.6693400239777D-04  -0.6569413504180D-05   0.8578700260597D-05
  -0.4493165320242D-04  -0.8804556774151D-05  -0.4102188075841D-04
   0.2290773794994D-05  -0.4833317302443D-04  -0.7737074154046D-06
   0.2882009533650D-04   0.1054793189309D-03  -0.9959014999767D-04
  -0.2937401474702D-03  -0.1857328344513D-03  -0.2715829302392D-03
   0.1285498872761D-04  -0.1407323672038D-03   0.1875684374867D-03
   0.7981562720205D-04  -0.1304192422070D-04  -0.7891823164360D-04
   0.3740556578137D-04  -0.4226657819285D-04  -0.8459531528364D-05
   0.6684550424438D-04  -0.3927434563144D-04  -0.7177435329179D-05
   0.7145592978365D-05  -0.5667763922009D-04  -0.4602230692219D-04
  -0.2015361178917D-03  -0.3120603323871D-05   0.3477883534569D-05
   0.7751410080525D-05  -0.5148308734663D-04   0.2153730375216D-04
  -0.7168498254898D-04   0.6793240212314D-04   0.8197539237808D-04
   0.2118579277967D-04  -0.3060049154917D-04   0.3915739303836D-04
  -0.6463437237312D-04   0.4906400698232D-04   0.4773081865920D-04
  -0.2281642412881D-04  -0.1993439915819D-04   0.1839234690826D-04
   0.1653164010856D-04  -0.2754059279913D-05   0.1928816517371D-04
$end                                                                            
