           2           1  0.976575229880527     
           3           2  0.933262288508585     
           4           3   1.61744817473354     
           5           2  0.981342936456198     
           6           5   1.00167274501584     
           7           1  0.850680369490387     
           8           1  0.878505428996760     
           9           1  0.890301659662191     
          10           2  0.940172878210631     
          11           5  0.961257420500864     
          12           5  0.963097372383229     
          13           6  0.867422945508462     
          14           3   1.33315147668570     
          15          14  0.976931382671499     
          16          15  0.928118282762694     
          17          16   1.64364811730162     
          18          15  0.971766379817237     
          19          18  0.992236547182413     
          20          18   1.00696667580080     
          21          19   1.02082108451666     
          22          14  0.914104338208182     
          23          15  0.940808530146490     
          24          18  0.961309816827596     
          25          19  0.972675768130816     
          26          19  0.974614199418349     
          27          20  0.983129672016891     
          28          20  0.983468089514870     
          29          20  0.983495454935272     
          30          21  0.985507947395135     
          31          21  0.981983159951930     
          32          21  0.985520406531978     
          33          16   1.28529896600115     
          34          33  0.977728840773937     
          35          34  0.934342733920676     
          36          35   1.64252851756559     
          37          34  0.967349453379620     
          38          37   1.00864281495777     
          39          37   1.00827393099328     
          40          33  0.910671216831280     
          41          34  0.953801285489254     
          42          37  0.959169508662153     
          43          38  0.983444236905912     
          44          38  0.983143215115776     
          45          38  0.986297983624242     
          46          39  0.981179605142415     
          47          39  0.985909328763751     
          48          39  0.977521103371329     
          49          35   1.28821059566880     
          50          49  0.974720630690080     
          51          50  0.933123832379393     
          52          51   1.59684862979663     
          53          50  0.993706424748182     
          54          49  0.906330750999101     
          55          50  0.956346843085828     
          56          53  0.979524516554999     
          57          53  0.976363625857801     
          58          53  0.974398105242586     
          59          51   1.32873409018844     
          60          59  0.979727011968344     
          61          60  0.936497756868504     
          62          61   1.59804637982788     
          63          60  0.979069908171901     
          64          63   1.00679458511282     
          65          64   1.00454070342094     
          66          65  0.988087672710603     
          67          66   1.31623529272095     
          68          67   1.32412687993085     
          69          67   1.30505721343345     
          70          59  0.878433954116979     
          71          60  0.940858899193614     
          72          63  0.960543717725803     
          73          63  0.968938143370129     
          74          64  0.968913925913580     
          75          64  0.969934482251180     
          76          65  0.957661096873450     
          77          65  0.956091007005064     
          78          66  0.907817316640519     
          79          68  0.921369419467061     
          80          68  0.916446748146219     
          81          69  0.914788337185803     
          82          69  0.917053795680441     
          83          61   1.31527845962916     
          84          83  0.990918490378014     
          85          84  0.932996704685963     
          86          85   1.63146088799179     
          87          84  0.979875391642025     
          88          87   1.00765325522871     
          89          83  0.876460011708882     
          90          84  0.950240418026432     
          91          87  0.963472081642681     
          92          87  0.970188359553069     
          93          88  0.871445527371314     
          94          85   1.29484002108575     
          95          94  0.982172660282630     
          96          95  0.927723813830570     
          97          96   1.58951494881886     
          98          95  0.989786182555189     
          99          98  0.959913004567397     
         100          99   1.65360230570106     
         101          99   1.30655480820378     
         102          94  0.916940481359635     
         103          95  0.954151987584556     
         104          98  0.947287116944131     
         105          98  0.960356448036492     
         106         101  0.924018443341471     
         107         101  0.926729509591005     
         108          96   1.34835691795644     
         109         108  0.971999840303228     
         110         109  0.939679982609226     
         111         110   1.57797277967954     
         112         109  0.962358615401389     
         113         112   1.00409865850317     
         114         113   1.41247716322796     
         115         113   1.41388620155885     
         116         114   1.44134518854877     
         117         115   1.44551343788450     
         118         116   1.44001546390649     
         118         117   1.43776941438452     
         119         108  0.862905319667871     
         120         109  0.952888256427597     
         121         112  0.963447215536212     
         122         112  0.956520464485851     
         123         114  0.961311602653644     
         124         115  0.968900569768628     
         125         116  0.969685166806548     
         126         117  0.970317602176229     
         127         118  0.970186686307530     
         128         110   1.32933822184673     
         129         128  0.985723947576856     
         130         129  0.938454571638994     
         131         130   1.60219578313475     
         132         129  0.983044050584808     
         133         132  0.959770811482650     
         134         133   1.66379028175366     
         135         133   1.30219335180092     
         136         128  0.880756150716837     
         137         129  0.946335970121340     
         138         132  0.949290556512965     
         139         132  0.959437413451240     
         140         135  0.919531931937782     
         141         135  0.935092153699018     
         142         130   1.30635240500447     
         143         142  0.985198530253663     
         144         143  0.942507158097798     
         145         144   1.59517256435999     
         146         143  0.960695985042067     
         147         146   1.00953712123904     
         148         146   1.00653724074135     
         149         142  0.891345999028057     
         150         143  0.944734121111355     
         151         146  0.962665182694854     
         152         147  0.983694813005307     
         153         147  0.985380367012373     
         154         147  0.984839956423269     
         155         148  0.982921487894015     
         156         148  0.985303003891183     
         157         148  0.980625007619243     
         158         144   1.30804312010080     
         159         158  0.980726008386368     
         160         159  0.934336598945002     
         161         160   1.62259054467108     
         162         159  0.986286248504517     
         163         162  0.991724524564198     
         164         158  0.875955338710943     
         165         159  0.954303423068113     
         166         162  0.972234528403673     
         167         162  0.963165182178576     
         168         163  0.932759413534314     
         169         160   1.29865020435378     
         170         169  0.988552077358279     
         171         170  0.930381946253280     
         172         171   1.62030942880726     
         173         170  0.976535820121184     
         174         173   1.00374702788669     
         175         174   1.00981794103718     
         176         175  0.980464534434364     
         177         176   1.32356663876917     
         178         177   1.31895929502986     
         179         177   1.30423927155192     
         180         169  0.886017528955317     
         181         170  0.936608042193160     
         182         173  0.972415402697136     
         183         173  0.969191994540104     
         184         174  0.969851369121220     
         185         174  0.967882140273643     
         186         175  0.955717460830590     
         187         175  0.955818861373415     
         188         176  0.913364727791481     
         189         178  0.911887516757330     
         190         178  0.918633906833377     
         191         179  0.920366376654362     
         192         179  0.918221781511037     
         193         171   1.30374907531627     
         194         193  0.989862829605222     
         195         194  0.931150125498762     
         196         195   1.56373893125700     
         197         194  0.971774551029740     
         198         197  0.990792059165870     
         199         198   1.00701695987864     
         200         198   1.01026149715466     
         201         193  0.891554274041132     
         202         194  0.949538843802829     
         203         197  0.970564030041961     
         204         197  0.973392544089436     
         205         198  0.966381100629012     
         206         199  0.984822796198080     
         207         199  0.983073178879584     
         208         199  0.986109066820619     
         209         200  0.983866554283671     
         210         200  0.986578702176674     
         211         200  0.983920389651890     
         212         195   1.33020503586241     
         213         212  0.973003441475510     
         214         213  0.870523258752174     
         215         214   1.49965236925583     
         216         213  0.990792734066505     
         217         216   1.00488626663567     
         218         212  0.974010856741174     
         218         217   1.00025373902717     
         219         214   1.51905811826482     
         220         213  0.958529866127235     
         221         216  0.976849936112780     
         222         216  0.977282080852039     
         223         217  0.982083082968108     
         224         217  0.978470085962481     
         225         218  0.963118376990499     
         226         218  0.962164004634866     
