   -0.15602922
   -0.03364173
    0.26322590
   -0.44341859
    0.04644483
   -0.46320922
    0.31064611
    0.30708276
    0.31415816
    0.14805120
    0.07005517
    0.08428977
    0.34468421
   -0.14797873
   -0.00411542
    0.27809883
   -0.46059961
   -0.02910345
   -0.06934626
   -0.11671425
   -0.12000610
    0.22426286
    0.10628949
    0.05132089
    0.05513324
    0.04348358
    0.05689290
    0.04921572
    0.03021515
    0.04033060
    0.05539788
    0.04022282
   -0.18046875
    0.01211530
    0.28827360
   -0.50622355
   -0.02924111
   -0.11626470
   -0.12407699
    0.21600957
    0.05271549
    0.07419599
    0.05695128
    0.03673377
    0.03524998
    0.06020946
    0.04029323
    0.05509853
   -0.18409694
    0.01870574
    0.27159513
   -0.50864302
   -0.15552369
    0.22854946
    0.06241828
    0.07760458
    0.08854584
    0.09695587
   -0.16944135
    0.00293245
    0.27792470
   -0.49719218
   -0.09863045
   -0.08428756
   -0.02770240
   -0.13758573
    0.22895207
   -0.23842914
   -0.25832808
    0.24995226
    0.09366206
    0.11205924
    0.07222602
    0.08077163
    0.05571050
    0.08324654
    0.08144992
    0.24074521
    0.22990958
    0.25328809
    0.25597223
    0.25199139
   -0.18202006
    0.01903873
    0.28177137
   -0.49780879
    0.07787628
   -0.45479256
    0.24732864
    0.07815403
    0.03954736
    0.02539745
    0.33799135
   -0.16783241
    0.03509082
    0.27053228
   -0.51040214
   -0.11462811
    0.29406955
   -0.49501951
   -0.28993705
    0.20985151
    0.06519922
    0.10054196
    0.08045905
    0.23401004
    0.23460398
   -0.18169678
    0.02326227
    0.28550628
   -0.51030310
   -0.09162860
    0.00499645
   -0.05256607
   -0.04112874
   -0.03670768
   -0.03431979
   -0.03740862
    0.25131897
    0.06887551
    0.08191200
    0.08080720
    0.05689332
    0.03725315
    0.04601886
    0.04142271
    0.04473514
   -0.17287392
    0.03187894
    0.27720418
   -0.49795202
   -0.11067590
    0.28800530
   -0.45251670
   -0.28977592
    0.23930505
    0.08616871
    0.08413757
    0.07278562
    0.24442020
    0.21887083
   -0.18311813
    0.02167383
    0.28137475
   -0.51253072
   -0.01777622
   -0.11124692
   -0.12075294
    0.22321508
    0.07045547
    0.05732666
    0.05651015
    0.02963509
    0.04107029
    0.05483618
    0.04986089
    0.05332657
   -0.19994969
    0.03963484
    0.28566284
   -0.49976983
   -0.02163410
   -0.32077371
    0.23454504
    0.05034860
    0.07733829
    0.09473983
    0.23427837
   -0.18399568
    0.02179331
    0.27172966
   -0.50915303
   -0.07751298
   -0.08523984
   -0.02887574
   -0.13497903
    0.23085003
   -0.23909586
   -0.26142012
    0.22129850
    0.07958479
    0.06351358
    0.07328610
    0.07447707
    0.09386713
    0.06887334
    0.10639639
    0.23017458
    0.23828018
    0.24823354
    0.24464953
    0.24834561
   -0.19036106
    0.03308933
    0.25961539
   -0.55757893
   -0.06555353
   -0.00630071
   -0.11399717
   -0.11495448
    0.21243731
    0.06818946
    0.04313687
    0.03983508
    0.03350157
    0.05502870
    0.03483084
    0.04377676
    0.05817394
    0.03744446
    0.03142847
   -0.08175539
    0.01948006
    0.37472983
   -0.64379110
   -0.05871295
   -0.05794790
    0.00443225
   -0.62938338
    0.01750740
    0.04239910
    0.04620952
    0.03981561
    0.06268592
    0.05496538
    0.06679546
