$grad                                                                           
  cycle =      1    SCF energy =  -349.50161618210   |dE/dxyz| =  0.002980
   59.56524578002464     28.06272452523754     36.72138323933270      n 
   60.82897375068612     30.56898093504623     36.77286902766759      c 
   58.78255015587783     32.49964435848963     35.97864274742267      c 
   56.68647962537166     31.71000220493224     35.41157025700613      o 
   63.01831716521605     30.51103549290837     34.85942818612425      c 
   61.97059720121005     29.60335063623105     32.57280840412530      o 
   57.61726538948405     28.41921110782425     36.65597276780186      h 
   60.03828161210102     27.20303087872673     35.01936962276119      h 
   60.03508501650279     26.90584034450007     38.21011062587989      h 
   61.53378491037201     31.01755265220580     38.65968507773747      h 
   63.83324542271527     32.39527638130180     34.61627391169454      h 
   64.50143869182889     29.24431889609165     35.55225772815711      h 
   63.31076153763675     29.17494490088255     31.41789427988648      h 
   59.46812276627307     34.91090711135244     35.97929724606836      n 
   57.75128643755403     36.90001963935488     35.16244874600243      c 
   56.90542392675755     36.34687684293161     32.44015551386316      c 
   54.68432452615217     36.19165327947010     31.85436733524793      o 
   59.00072117951554     39.51456374504831     35.37913685860197      c 
   59.44928406107247     40.27813798688175     38.14815235635787      c 
   57.41611265325347     41.47832126251986     33.96917627847425      c 
   57.06006118743651     40.64975811810206     39.71589200733985      c 
   61.21161926761554     35.43342431834656     36.56004578598105      h 
   56.03701065858348     36.85640599692436     36.32145612511770      h 
   60.85786147046455     39.43620197285122     34.46314010205200      h 
   60.63706348152603     38.87239917546722     39.07964539840582      h 
   60.50752888058720     42.04875593614889     38.13322713489238      h 
   55.43798801634069     41.38591892100579     34.51226319078791      h 
   58.11720861455763     43.36804108532555     34.36381761037880      h 
   57.51353713177321     41.17980936331240     31.93697309612284      h 
   55.83333867237607     42.06420872374600     38.87554400863711      h 
   56.00678604556818     38.90115156082104     39.92194349110920      h 
   57.57510026980373     41.30492463035921     41.59412730452552      h 
   58.82161637841354     35.85816705332350     30.85083967137968      n 
   58.44467289127277     35.37637561787897     28.17239280463412      c 
   56.08242164166314     33.72336414682672     27.85863463879760      c 
   54.32170572408951     34.27900844038536     26.47541617510171      o 
   60.79042754577171     34.05339467780608     27.05676347487041      c 
   60.28568519743271     33.30099109530897     24.31603283425293      c 
   63.12569180259183     35.75213476841390     27.18026158588145      c 
   60.59833854841003     36.34205233252086     31.35732736984957      h 
   58.08821552970738     37.14658692287723     27.14794351556225      h 
   61.15005997517732     32.33794830488370     28.15308682822085      h 
   61.90124998511841     32.29711474960206     23.54157058733023      h 
   58.63155600582686     32.09271820108067     24.15878514261932      h 
   59.95488517061372     34.96950018336011     23.16087936375044      h 
   64.68792232398650     34.83850080519333     26.20861222740373      h 
   62.76662261904452     37.54481392284317     26.24058161664014      h 
   63.73005499537150     36.13269004416404     29.10578941241731      h 
   56.18239732202400     31.55785755589725     29.17966218484143      n 
   54.18956072640007     29.68642519465028     29.00251482253791      c 
   51.73150166505643     30.67742508323203     30.17153970977514      c 
   49.73524385023650     30.62321176820788     28.98899047986303      o 
   55.00484848687565     27.25440332413377     30.31311719309329      c 
   57.68402240168069     31.16446945849487     30.29309277310971      h 
   53.78146051400622     29.35044051496090     26.99733353243486      h 
   53.55015715074378     25.82546213248090     30.07596250054283      h 
   56.73932971344989     26.56093165057773     29.46052479711619      h 
   55.27950620383801     27.60614003708323     32.31429414483910      h 
   51.91275816821759     31.41105327088318     32.57549016316386      n 
   49.71526090312346     32.10837567415501     34.06507927910583      c 
   48.03786754007533     34.03405513116721     32.71048447924615      c 
   45.75515354382386     33.70534850968463     32.47123859914162      o 
   50.55253589184841     33.14388567415009     36.63546363424611      c 
   48.31597492435711     33.63372159907249     38.40796939422530      c 
   47.10467492216124     31.21536188913333     39.41831704257284      c 
   48.92252554956727     29.83579363954528     40.94216869182927      n 
   48.94898735746884     27.35868345759982     41.36246574692193      c 
   47.27480499237628     25.82610479029277     40.28846628689222      n 
   50.81594583523865     26.38156460653657     42.74995285606188      n 
   53.63683380914743     31.70411934367701     33.37189772024595      h 
   48.55465643232667     30.40875969197921     34.30639521565988      h 
   51.84873591374656     31.78748280453322     37.48567634935787      h 
   51.55427671022750     34.91498486102748     36.31309735834076      h 
   48.95002073029367     34.79486156132257     39.98789641565475      h 
   46.85775053580345     34.68700997091221     37.40499601815846      h 
   45.43895443258465     31.71464390079801     40.53624739524899      h 
   46.47826312018775     30.05523218401335     37.83742387758688      h 
   50.08388012364704     30.94061235586729     41.98398652882401      h 
   45.78318227317629     26.49621813019705     39.31491941358176      h 
   47.34721925503753     23.94844947040997     40.58561741126216      h 
   52.01013797418280     27.51363158046512     43.70726855685371      h 
   50.80000144960878     24.53522576310252     43.21431811374510      h 
   49.21864496898450     36.11919511469560     31.92264944415790      n 
   47.81274633796622     38.12191472853539     30.70292181735096      c 
   45.87511805325875     37.01364741806933     28.85957327663702      c 
   43.65822458527413     37.66005312775534     28.82528694675958      o 
   49.60588530977314     39.89268450877879     29.28885413103352      c 
   51.14387219454593     41.12146686820972     31.07935393803582      o 
   51.12647439952352     36.31669671236440     32.02584071431944      h 
   46.77663926696321     39.22530405425963     32.12403946628395      h 
   50.75824020291424     38.79982677449141     27.94890987209088      h 
   48.46934846028721     41.24519197347974     28.20543083351692      h 
   51.99847356781734     42.51067180664567     30.27130416601802      h 
   46.87317148227420     35.31741323672903     27.27161474682416      n 
   45.43625521002169     34.19871880586857     25.23734063667060      c 
   43.55455930872767     32.27082091925114     26.30804341913710      c 
   41.30556706291575     32.32085341875802     25.73175451681352      o 
   47.23312205006693     32.98888447322926     23.33597653799410      c 
   48.88850883709554     34.98075782640395     22.05786865576952      c 
   49.03127780169541     37.16397734097644     22.78191798302142      o 
   50.19774071338591     34.10150286597727     20.07517487353860      n 
   48.73920294836555     34.92893415658111     27.33512365950873      h 
   44.31379745947511     35.68670212605130     24.32280180520229      h 
   48.46320194919185     31.65417736506667     24.32091245719818      h 
   46.14820288044879     31.97686420671214     21.90720982965141      h 
   51.33462656388523     35.29184185975792     19.11992324367831      h 
   50.02467845651569     32.30853178819513     19.47179592770105      h 
   44.53763168243474     30.58497716001629     27.88639461850647      n 
   42.99831793660219     28.69246528771853     29.13694370313645      c 
   40.43257378406624     29.79603014536188     29.85718160130313      c 
   38.43760857146432     28.76557074296806     29.26520896929698      o 
   44.33297072081291     27.75955855132551     31.53898557489035      c 
   42.56966712930937     26.13132785713430     33.06600625034417      c 
   41.34726434994580     27.11111513748720     35.17438046449691      c 
   42.07321765942853     23.66059142110528     32.33075722490419      c 
   39.63829021337765     25.64388302040795     36.50791251120655      c 
   40.36645421876216     22.19636046964679     33.66503938888077      c 
   39.13916367815956     23.18853084238729     35.75304605152535      c 
   46.40354583339428     30.66873140164791     28.35778273389904      h 
   42.62598163420704     27.11827246091414     27.83665017332756      h 
   46.01730210194596     26.71226196851316     30.97746473648547      h 
   44.86811844428085     29.42800388814894     32.62168620888963      h 
   41.69565574038462     29.04102942575424     35.74693309459292      h 
   43.01468232932005     22.88625765249248     30.69371595087060      h 
   38.67930790544553     26.43070746105001     38.12716801322869      h 
   39.98538726531824     20.28412561945689     33.06570467257040      h 
   37.79670075297643     22.05191748375582     36.78422506666292      h 
   40.53335599058055     31.86450617454726     31.28522898962061      n 
   38.27444277669830     32.98198277189765     32.33947928450289      c 
   36.12149872520978     33.11564440826501     30.41093731918867      c 
   33.94180350096677     32.58369132150539     31.00078075709452      o 
   38.87392239095838     35.63039958614246     33.32514035504852      c 
   40.48047762464321     35.52499112962640     35.72192518476701      c 
   41.50300995719280     33.61647330782883     36.49431178618673      o 
   40.67073324881723     37.75289347750884     36.91555709593417      n 
   42.21595532657621     32.64759531711548     31.76752160778791      h 
   37.58802004795142     31.79885937880249     33.90555589161182      h 
   39.91960331798838     36.67799656508294     31.88106373788624      h 
   37.11485011355175     36.62994217589773     33.72000508147308      h 
   41.66462567571403     37.86520410589828     38.53572507197305      h 
   39.79712856085312     39.30936118589072     36.26708332024698      h 
   36.76223170776462     34.01964263600443     28.14113507655261      n 
   34.91421751777467     34.43053750514525     26.16485365622098      c 
   33.28363551714222     32.09365424886172     25.70225384968357      c 
   31.05076107352005     32.27390888281934     25.09154358295744      o 
   36.26493186177350     35.28714118800192     23.73357633394905      c 
   34.40313026621742     35.54993813679749     21.54676381086368      c 
   37.61001975387227     37.80306595430802     24.18760803742776      c 
   38.59878272225832     34.01766892099634     27.59427894369460      h 
   33.59832932182309     35.91559521019479     26.77605294981874      h 
   37.67077535285625     33.84423515364209     23.26408501812795      h 
   35.38441269433989     36.18686585455316     19.85954985253901      h 
   33.47825221779183     33.76473106365153     21.12355736752558      h 
   32.94210938731570     36.92144330767351     22.00650386715408      h 
   38.51439660502419     38.42161141183580     22.45091336218794      h 
   36.25825962324988     39.24066113233967     24.76050507914871      h 
   39.05599758406097     37.64021845213077     25.63728492320324      h 
   34.44405105087094     29.86215766981370     25.94705537705834      n 
   33.08012998801195     27.51345267576313     25.63773864470291      c 
   30.54030274241187     27.46470977399898     27.02968859735205      c 
   28.80395510551606     26.16552334089337     26.21919738425646      o 
   34.69480548257120     25.34315317366434     26.63837587352110      c 
   32.82907847892027     22.44198429558368     26.83755628142449      s 
   36.18751984920895     29.75033792287295     26.75218539284927      h 
   32.62632090048616     27.22063532038395     23.63020722848144      h 
   36.27842356925920     24.99974134621733     25.37024404128779      h 
   35.38201259819819     25.80541272729671     28.52317284325483      h 
   34.81000126630536     21.01621686578142     27.48557775819770      h 
   30.47438694776869     28.62995155895399     29.27378868226500      n 
   28.27158720935968     28.45171828283022     30.86947573049530      c 
   26.22104082042377     30.44574850268509     30.36533341058533      c 
   24.42617547643676     30.63314497225372     31.81795662137863      o 
   29.05886768528187     28.56165238071644     33.65420852135635      c 
   31.16622403804729     26.70218287157691     34.36276935237164      c 
   30.79095907957194     24.01193641484141     33.39807446733445      c 
   28.45396196352051     22.93738494979924     34.35372487755804      n 
   27.31802854113573     20.90900434402642     33.41366660974813      c 
   28.39658512102353     19.54268974369760     31.59910363816465      n 
   25.17136741741322     20.09704598134092     34.46136523761433      n 
   31.80072242503391     29.92587561453415     29.77799932635050      h 
   27.34626499842416     26.64881066185648     30.41790289930448      h 
   29.72433600926087     30.47539702858736     34.04023319690646      h 
   27.35088866630437     28.27095496998492     34.76644187507226      h 
   32.94408256318497     27.39423766168637     33.58562103065427      h 
   31.33294621427989     26.68758651118153     36.41557671828151      h 
   30.75652494629116     24.02339559791364     31.33382586867017      h 
   32.38368612608183     22.84941823218179     34.02266215898998      h 
   27.58604794223395     23.90991627928230     35.74699363082987      h 
   29.91102808083628     20.19591432594817     30.64367797890635      h 
   27.44222009275304     18.09910822301775     30.80654870203606      h 
   24.24502384607381     21.15600477409026     35.74186457955506      h 
   24.22288015834241     18.64031203192669     33.68707423161003      h 
   26.54033545961518     31.89877640036914     28.32615364292109      n 
   24.77513692103852     33.86363361607791     27.66222141480532      c 
   22.72948137132726     33.21629509835702     25.70186146812129      c 
   20.62063623482234     34.18329495488904     26.00533995224965      o 
   26.18185609185096     36.22822900307546     26.75901756303739      c 
   27.98609315713982     37.34479427214994     28.73540441779377      c 
   29.38912244622908     39.58387647666493     27.56978572756509      c 
   26.59212392176489     38.18123194182608     31.11829198896415      c 
   28.08747503719264     31.71627704580503     27.21313634376504      h 
   23.68562871938224     34.28750842921708     29.37388889481003      h 
   27.25948007610909     35.72496070617245     25.07198781387545      h 
   24.76690818025703     37.63247179480086     26.22535431889118      h 
   29.35963816736948     35.88117163254521     29.24702622047667      h 
   30.77723332688181     40.32955900334795     28.88701429611696      h 
   30.34598927304624     39.01254224302836     25.84271319028335      h 
   28.05985245870165     41.07893350651538     27.10036491156102      h 
   27.88444686077403     39.13578278647121     32.39767829158041      h 
   25.06935950422359     39.47380835960336     30.63217096176809      h 
   25.77891939366405     36.57187610934000     32.10251444402581      h 
   23.29149869119470     31.90340459546580     23.63323193687499      n 
   21.32905795517366     31.29951769129309     21.82427149080442      c 
   19.70501559515237     28.96354049605231     22.71869616203841      c 
   17.95580429778861     28.35219874584180     21.26691343652976      o 
   22.79033828229883     30.71390090439639     19.41678660454911      c 
   25.11428560006528     29.33884192321492     20.43473166874178      c 
   25.59855018883465     30.54906321050153     23.02729523808336      c 
   20.30648511634835     27.94693322725168     24.74776851408921      o 
   20.01664922544102     32.88869892595159     21.63998955453982      h 
   21.66035248396728     29.55949143922020     18.14304258746871      h 
   23.31968650977179     32.46519563935911     18.46425265458308      h 
   24.67344121211860     27.34216231079166     20.68315150654811      h 
   26.73922968326341     29.51813066646137     19.18870120798464      h 
   25.96823954056529     29.08481689783873     24.43449728641023      h 
   27.19115341596500     31.86112202572726     22.97063373660463      h 
   0.2237633512436D-03   0.3269713087238D-03   0.3174734345312D-03
   0.1781031739200D-03   0.2334516729257D-03  -0.1242660823121D-03
   0.4123629555467D-05  -0.4356450176284D-04   0.6752172078147D-06
  -0.2020986573307D-05  -0.6264720056472D-04  -0.3909307569937D-04
   0.3290105042355D-04  -0.2662692731542D-04  -0.4442166009326D-04
  -0.3792597878052D-03   0.2479984565272D-03   0.4769357705959D-03
  -0.4458515972135D-03   0.1073710491061D-04  -0.1152389039088D-03
  -0.5401600058478D-04   0.5813536035646D-03  -0.1634245632768D-03
  -0.5763473296296D-04  -0.3182529218446D-03   0.3647768414769D-03
   0.2008814695352D-04  -0.1038520863758D-03  -0.2201985200002D-03
   0.8543660562608D-05   0.7598975391711D-04   0.1848163814611D-03
  -0.9653896149878D-05   0.2467639370085D-04   0.2103109853829D-03
   0.7974850245302D-03  -0.6972908964526D-03  -0.2919237500704D-03
   0.3802606286264D-04  -0.9664148743372D-04   0.7196407525588D-04
   0.7444636325804D-04  -0.5339079536386D-04   0.3591650882479D-04
   0.3965697598725D-04   0.9062771536203D-05  -0.3688653262927D-06
   0.3192831432725D-04   0.4085257865118D-04  -0.3729346481879D-04
   0.3305268126297D-05   0.1699769106639D-04  -0.3379011888790D-04
   0.8468683276093D-05   0.5578319081034D-04  -0.5356150142082D-04
   0.2127718175787D-04   0.2139569102528D-05  -0.5354752019644D-04
   0.2651259149453D-04   0.4147439379998D-04  -0.5316659926456D-04
   0.1183196597522D-04  -0.1184192248470D-03  -0.1296204932679D-04
   0.2598126099563D-04   0.3177303403753D-04  -0.2890902463612D-04
   0.1365219589750D-04   0.4196766893488D-04  -0.3264728023690D-04
  -0.9597831809237D-05  -0.5186350935173D-04  -0.2980789500910D-04
   0.7659540284708D-04   0.1368700701580D-04  -0.6732269689830D-04
   0.5631862329488D-04  -0.5889618974539D-06  -0.5581142081151D-04
   0.4685066537901D-04  -0.3060595324581D-04  -0.1114749483045D-04
   0.1232500253389D-03  -0.8004950172029D-04   0.1028963652632D-03
  -0.2212688149744D-04   0.2140953225769D-04  -0.1674126763378D-05
   0.7099162571146D-04   0.7286563650876D-05  -0.5332293056748D-04
   0.6373053299120D-04   0.3834715911787D-04  -0.2393923658695D-04
   0.3152183994695D-04  -0.1331488238896D-04  -0.8582821240791D-05
   0.3106292348558D-04  -0.7508328867506D-07  -0.2774400671547D-04
  -0.2658450429876D-04   0.1702390339235D-04  -0.2352197100795D-04
   0.8161617661630D-04   0.4856865313896D-04  -0.7162151155144D-04
   0.5277726669944D-04  -0.9101174141060D-04   0.3590520143130D-04
   0.5040775711356D-04  -0.3681965224645D-04  -0.1019950913726D-04
   0.6244160430351D-04  -0.2988375619409D-04   0.1862708206093D-04
  -0.1922385544939D-04  -0.2244636680278D-04  -0.1471312002671D-04
   0.8884654683579D-04   0.1766603975168D-04   0.1506564526731D-04
  -0.3850969230817D-04   0.2356979473695D-04   0.2274175096352D-04
   0.3325593805245D-04  -0.3136767853371D-04   0.2768073443690D-04
   0.7931758713798D-04  -0.1735055585820D-04   0.1752477981430D-04
   0.9708547848372D-04  -0.4244827001538D-04  -0.1987503217572D-04
   0.2806187814568D-04  -0.8251779218473D-04   0.4456465128837D-04
   0.7587540812808D-04  -0.2138643318398D-04   0.2028097028848D-04
   0.2770244090060D-04  -0.1288714490165D-03   0.3082366248551D-04
  -0.2820446612061D-04   0.7997657724590D-05   0.2888294140597D-04
  -0.2878262449260D-04   0.2922979132964D-04   0.2144856394270D-04
  -0.2607007811239D-04   0.2735531556540D-05   0.2524192860134D-06
   0.4536708194328D-04   0.8107641196391D-04   0.3218319651671D-04
  -0.2394307276452D-04   0.3843038460755D-04  -0.6256092852365D-04
  -0.1569593076553D-05  -0.1856144929661D-04  -0.9369690874940D-05
  -0.7637360831337D-04  -0.3625923157410D-04   0.4661432657890D-04
  -0.7985437003201D-04  -0.3050319890340D-04  -0.7064788218267D-04
  -0.5760988413824D-04   0.1163606384129D-04  -0.5339581921889D-04
   0.5114097358470D-04  -0.4319390400973D-06  -0.3877032817223D-04
   0.1296433720727D-04  -0.8596823658269D-05   0.1649595065572D-04
   0.4163019172007D-04   0.2036016304349D-04   0.3411890467205D-04
   0.2056371516242D-04   0.3693456954617D-05  -0.1375696175190D-04
   0.7749855127924D-05   0.4766464542596D-04  -0.2314777919485D-06
   0.6762048759735D-04   0.1039516103881D-04   0.2394851452313D-04
   0.8240141823075D-04  -0.7927473846043D-04   0.2109908493243D-05
   0.4524978622248D-04   0.7318818551363D-04  -0.6136604980042D-04
   0.1986702531937D-05   0.1335795675205D-03  -0.2818124980181D-03
   0.2052597537984D-03   0.1212890324171D-03   0.3024421063924D-03
  -0.7254045161972D-04  -0.2173269314593D-03   0.1087264316886D-03
   0.1556383065921D-04  -0.1468654365690D-04   0.1854861264156D-03
   0.8885547090530D-05   0.1568423578553D-04  -0.3319225809541D-04
  -0.2419328199471D-04   0.3910750960391D-04  -0.1853783704112D-04
  -0.2814685606736D-04  -0.6482823350535D-05  -0.1391876466261D-03
  -0.3368709629252D-05   0.7993703443092D-04   0.1012774754295D-04
   0.5705748810448D-04  -0.2094468488250D-04  -0.7869624051241D-04
   0.9620079589652D-04  -0.1392531760568D-03   0.2195074989152D-04
   0.2715317049093D-03  -0.9980993435198D-04   0.1120090601043D-03
   0.1729305631771D-03  -0.9282252709818D-04   0.2072756180166D-03
  -0.6276106399663D-04   0.1627982979693D-03   0.2895026880942D-03
  -0.3812704343761D-03  -0.1684004732355D-03  -0.1700058404270D-03
   0.2528547643008D-03   0.5343792761704D-03   0.6465004250928D-04
   0.4514397724765D-03   0.5828282771164D-04   0.2081114066481D-03
   0.4494048773172D-04   0.2205737441843D-03  -0.1754126171681D-03
   0.3414778139211D-04   0.2535960573366D-04   0.5342071649036D-04
   0.7312730754725D-04   0.3319930398321D-04   0.1392289983897D-04
   0.3874387515925D-04   0.3581752690533D-04  -0.6849005262192D-05
   0.4497717357239D-04  -0.3277991878711D-04   0.4709998423682D-04
  -0.1736084665609D-04  -0.1280774334078D-03   0.9182814029502D-04
   0.1352777717682D-03  -0.2855005423600D-03  -0.1757530081490D-03
   0.2527960916535D-04  -0.1614164542388D-04  -0.5067982404291D-04
  -0.2081365033959D-04   0.1983563547822D-04   0.5453370756760D-04
  -0.5289480264116D-04   0.4695738340160D-04   0.9898301903672D-04
   0.1843846431301D-03   0.1035459402814D-03   0.1496062859885D-03
  -0.7716069696684D-04  -0.4823470554850D-03   0.9476623909217D-04
   0.1718644821614D-04   0.4496678588694D-04  -0.3428916346719D-04
   0.3804148070607D-04   0.1094647721430D-04  -0.5780974700335D-04
   0.8113945162097D-04   0.1200722827081D-04  -0.7147147836396D-04
   0.2764592460071D-04   0.1150179016978D-03   0.7064750104903D-04
   0.1214877760140D-04   0.8002460377968D-04   0.1368605479317D-04
  -0.1808924360753D-03   0.1233225114530D-03   0.2278563493274D-03
   0.9439387268737D-04   0.1712974910112D-03  -0.1323875986612D-03
   0.3649343184386D-04   0.1277505400920D-03  -0.1500453385916D-03
   0.3838198908589D-04   0.1167792159253D-04   0.8255672114554D-05
  -0.5354758414675D-04   0.2506025707881D-04   0.6428751850537D-04
  -0.4482164095997D-04  -0.1327699201839D-04  -0.5484504130747D-04
   0.4250424572387D-04   0.6785794082589D-04   0.1091779526590D-03
  -0.1574001120012D-03   0.7769469575613D-05   0.1535268920998D-03
   0.7574536030453D-04  -0.4321186811316D-03   0.9878038651956D-04
  -0.5873307061139D-04   0.1202587408384D-03   0.9663234977123D-04
  -0.6138338040039D-04   0.6974637213906D-04   0.6054201149958D-04
  -0.3437468140365D-04   0.4870865429727D-04   0.2142931109404D-04
  -0.4234867681294D-04   0.5597718028023D-04   0.9278014006150D-05
  -0.3413183357232D-04   0.3472382365019D-04   0.2177687710012D-04
  -0.1567270984838D-04   0.1395851942593D-04  -0.1016701065894D-04
  -0.5747377953237D-04   0.9082722178080D-05  -0.3515739942510D-04
   0.4049361733817D-04   0.9482770606868D-05   0.1462399880284D-04
  -0.4345746666216D-04  -0.1595500931021D-04  -0.4928244379390D-04
  -0.5659457519315D-04   0.2732400797299D-04  -0.8951411323861D-04
   0.1328330770070D-04  -0.2929911896171D-04   0.9318264633348D-06
   0.1664610582129D-04  -0.1290138459680D-03  -0.6117339438222D-04
   0.5703206019755D-05   0.3176822463655D-04  -0.1164914111551D-04
   0.1199599609731D-04   0.2930923096098D-04   0.1347811467985D-04
  -0.1473995822861D-04   0.1267649382797D-04   0.3821988427927D-04
  -0.5767519289786D-04   0.9347760021965D-05  -0.2459716418268D-04
   0.1721820213544D-04   0.1734317876074D-04  -0.1289569146926D-04
  -0.9542538743155D-04   0.5859056415394D-05  -0.6023843696309D-04
  -0.4084832161147D-04  -0.4306036494550D-05  -0.2664068791434D-04
  -0.2443889940769D-04  -0.1032036041192D-04  -0.6724883959388D-04
  -0.4639196928456D-05   0.4162556145758D-04   0.2595079210056D-04
  -0.7301323591271D-04  -0.4699383225218D-04  -0.6394269304792D-04
   0.4922362174714D-05   0.5796108151698D-04   0.2866852699795D-04
   0.3516043298307D-04  -0.4300429734797D-04   0.2474565305543D-04
  -0.1565083573433D-03  -0.3469634337802D-04  -0.1475058176450D-03
  -0.4279900606320D-04  -0.2917963388754D-03  -0.1342655049215D-03
   0.1104167395769D-03  -0.9400434875726D-04   0.1873534911288D-03
   0.7344678409881D-04   0.1873993803907D-03   0.2380855007055D-03
   0.1973031356479D-04   0.2301044408154D-04   0.3376470616258D-04
  -0.1650389577795D-04  -0.3132829427003D-04   0.1906814649561D-04
   0.5202579165014D-04   0.3973294836902D-04   0.7646507328598D-04
  -0.1885201236902D-03   0.1025378470331D-03   0.1065840517695D-03
  -0.9768019900709D-04  -0.1990499854587D-03  -0.1126149349829D-03
  -0.2093758925490D-03   0.1457801092225D-04  -0.7975388065196D-04
  -0.2339182790218D-04   0.3627118474050D-04   0.2306968599491D-04
  -0.9110499608150D-05  -0.1805060109463D-05   0.2511523074617D-04
  -0.5107349436538D-05   0.1231138005140D-05   0.8871324414073D-05
  -0.2722497156276D-04   0.8736258317234D-05  -0.6680781147223D-05
  -0.3525970817030D-04   0.1319245676370D-04   0.2828217817259D-05
  -0.1932542682201D-04  -0.1722547173715D-04  -0.1537694583184D-04
  -0.3728517074838D-04  -0.1209959275705D-04  -0.8772127039452D-05
  -0.4957575658169D-04  -0.1336258167173D-04   0.3092063586018D-04
  -0.1062840809551D-04   0.1831213490032D-05  -0.4144054911083D-04
   0.3320876111026D-04   0.3024141371909D-04  -0.1282005593037D-04
  -0.2380774249105D-04  -0.1210047767497D-04   0.6555770626091D-05
  -0.2806024266169D-04  -0.4966377170880D-05  -0.2316947818500D-04
  -0.1591637996474D-04  -0.1029708084481D-04  -0.5898813041934D-05
  -0.1317723793095D-04   0.2292109384412D-04  -0.9427914867560D-05
  -0.1460696187964D-04   0.1302392245323D-04  -0.3020654831836D-05
  -0.4495696592367D-04  -0.2555498407692D-04   0.1107962281362D-04
  -0.2356974635055D-04   0.1399429867989D-04   0.3061538226909D-04
  -0.2141346751906D-04  -0.1604166777969D-04   0.3361029613775D-04
  -0.3784108165883D-04  -0.2659071727180D-04   0.1648241811420D-04
  -0.6971085796450D-04  -0.6689785790557D-04  -0.2654687123431D-04
   0.6019393135225D-04   0.1440330092262D-04  -0.1253610121302D-04
  -0.2728529670695D-03   0.4471322502586D-03  -0.8288824463874D-04
   0.4807380115970D-04   0.1190660827699D-04  -0.6947025961801D-04
  -0.5393067622047D-04   0.5143674779226D-04   0.2224325482719D-04
   0.2123323472524D-04  -0.7802723478561D-04  -0.5286141699819D-04
  -0.1077588991393D-03  -0.4459712557352D-04   0.4593208959049D-04
   0.3551049313499D-03  -0.3602396339666D-03  -0.1479267840907D-04
  -0.3150190665936D-04  -0.2536915876067D-04   0.3925029542368D-05
  -0.5714386625144D-04  -0.2944557097174D-04  -0.3423612310646D-04
   0.1679323228071D-04  -0.4181235770450D-04  -0.2157298624836D-04
  -0.1569392463135D-03  -0.3823719791613D-04   0.3232113008783D-04
  -0.6314762232849D-04  -0.3646789804739D-04  -0.4610688558887D-06
  -0.6681655917418D-05  -0.1036152527261D-04   0.1157409490537D-04
  -0.1384091481133D-04   0.1842497188451D-04   0.3848928572622D-04
   0.8751133378242D-04   0.1570748742228D-03  -0.2954100749857D-04
   0.2736222537509D-03   0.2048828544985D-03  -0.2186537234884D-03
  -0.3710194634577D-03   0.2738253838417D-03  -0.2967474189749D-03
   0.2651255190964D-03  -0.1309528405971D-03   0.7521522030132D-04
  -0.8105318928674D-04   0.2660889515294D-04   0.3841939237232D-04
   0.3295253113924D-05   0.1532437719051D-04  -0.4701397219288D-04
   0.3053368865997D-04  -0.3610346372474D-04  -0.2745661513397D-04
  -0.7685478427530D-04  -0.5734494130018D-04  -0.3952204514463D-04
  -0.5368615522449D-04  -0.5094581738798D-04  -0.7147707231042D-05
  -0.1277305145053D-03  -0.7089386444586D-04  -0.1478910330018D-04
  -0.1007423620271D-03  -0.9638666747605D-04   0.4623396584520D-04
  -0.1216240075662D-03  -0.1831909598696D-04   0.4702879174015D-04
  -0.1615733753362D-03   0.9292537294686D-04   0.2060426877484D-03
   0.1256322364433D-05  -0.2525612639920D-03   0.2180578393247D-03
  -0.9715460889348D-04  -0.5078361919187D-03  -0.1718950646324D-03
  -0.1324346016567D-03  -0.9118261327552D-04  -0.1295217553615D-03
   0.1227195952190D-03   0.9464524576684D-04  -0.8688920987102D-04
   0.4377202713688D-04   0.2741405580282D-04   0.1558526959034D-04
  -0.1686641874611D-04  -0.5674409133302D-04  -0.4394812055148D-04
   0.2703531086227D-04  -0.7121672590847D-06  -0.5628650538178D-04
  -0.8257931492766D-04   0.9457200788197D-05  -0.3792635606864D-04
  -0.2736836791540D-04  -0.7767250140782D-05   0.6989584190377D-05
  -0.3740999673438D-04  -0.6797922169169D-05  -0.1270431224044D-05
  -0.4224621654459D-04  -0.2687393892388D-05   0.3934210786254D-05
  -0.4267019435641D-04  -0.4168038346729D-05   0.1247858220559D-05
  -0.3409768384501D-04   0.1340702138336D-04  -0.4380277438288D-04
  -0.1655383187441D-04  -0.7545112887573D-04  -0.5716020390959D-04
  -0.6175116429128D-04  -0.5686841067218D-04   0.2617830376093D-04
  -0.2474654979912D-04  -0.2848102536046D-04  -0.1945675261269D-04
  -0.7548394376105D-04   0.8262188409499D-05  -0.4897072966255D-04
  -0.6118579891132D-04  -0.1007241225700D-04   0.3569822611119D-05
  -0.2962206345066D-04  -0.4626708853677D-05   0.3030182227429D-05
  -0.4509531477338D-04  -0.5011662936402D-05  -0.5930742997073D-05
  -0.3708637908516D-04   0.1851364732311D-04   0.4016315219720D-04
  -0.6861448834465D-04  -0.3160505870924D-05  -0.4519120636907D-04
  -0.6036207031768D-04  -0.9817783227065D-05  -0.6211500801103D-05
   0.3821081298839D-05   0.2379287820416D-04  -0.6713665227493D-04
  -0.2042242738648D-04   0.3192969853314D-04  -0.2679211998218D-04
  -0.3125868808598D-03  -0.1002192125255D-03  -0.2324692230664D-03
   0.2773881235969D-03   0.4106152959449D-04   0.1307826021623D-03
  -0.7260070395941D-05  -0.1371870005582D-04  -0.3538567799173D-04
  -0.4785420577062D-05   0.1316454843693D-04   0.1422201223102D-04
  -0.1629737612332D-04   0.4560269697096D-04  -0.2936693179822D-05
   0.5828674941983D-04  -0.7444868658125D-04   0.3013695672043D-04
  -0.7699384671822D-04  -0.2772111638836D-04  -0.4083857333045D-06
  -0.2635228340831D-04  -0.4744879885033D-04  -0.9111944253197D-04
  -0.3347549536208D-04   0.1870708587502D-04   0.1220204308504D-04
  -0.3418531287976D-05   0.3427461228305D-04   0.3400109492322D-04
  -0.6438769257455D-04   0.3262237707798D-04  -0.8765587098270D-04
  -0.5803093231409D-04   0.4716219319079D-04   0.1034295733280D-04
   0.3881796618247D-04  -0.2422024734925D-04   0.8773227968069D-05
$end                                                                            
