           2           1  0.977421958558457     
           3           2  0.933668517450920     
           4           3   1.61500575817029     
           5           2  0.980533995769212     
           6           5   1.00328742555620     
           7           1  0.852615614098897     
           8           1  0.874286461125566     
           9           1  0.890074875775497     
          10           2  0.939846377570209     
          11           5  0.961493496439696     
          12           5  0.963141280203161     
          13           6  0.866547102707720     
          14           3   1.33491162582887     
          15          14  0.977106159614681     
          16          15  0.928387507362351     
          17          16   1.64436842367339     
          18          15  0.971175067447622     
          19          18  0.992231783327829     
          20          18   1.00693315153235     
          21          19   1.02081759787129     
          22          14  0.913191382163085     
          23          15  0.940891983764817     
          24          18  0.961336916331446     
          25          19  0.972089139913191     
          26          19  0.974377081377336     
          27          20  0.982771250865732     
          28          20  0.983426327161876     
          29          20  0.983556962569252     
          30          21  0.985494846787852     
          31          21  0.982194180561478     
          32          21  0.985497597640398     
          33          16   1.28524812652469     
          34          33  0.978076054477522     
          35          34  0.934844372918480     
          36          35   1.64515334981823     
          37          34  0.966298540105368     
          38          37   1.00876069799974     
          39          37   1.00808288993576     
          40          33  0.909746694952263     
          41          34  0.953635140908826     
          42          37  0.959415858769073     
          43          38  0.983466574236072     
          44          38  0.983296994336333     
          45          38  0.986260535629438     
          46          39  0.980955194056548     
          47          39  0.985970179416377     
          48          39  0.977304062149595     
          49          35   1.28514176690034     
          50          49  0.975950434918004     
          51          50  0.932203443147101     
          52          51   1.59376342240716     
          53          50  0.993237690524087     
          54          49  0.910483904342802     
          55          50  0.956719918615114     
          56          53  0.979794081144161     
          57          53  0.976891258138699     
          58          53  0.975018488116178     
          59          51   1.33146496877901     
          60          59  0.979089959444981     
          61          60  0.935892269864200     
          62          61   1.60536011751039     
          63          60  0.979289919444451     
          64          63   1.00654729071131     
          65          64   1.00523437198822     
          66          65  0.988112421781457     
          67          66   1.31428467457414     
          68          67   1.32493843238952     
          69          67   1.30657190024600     
          70          59  0.876872160659164     
          71          60  0.941541056010369     
          72          63  0.960235385115942     
          73          63  0.969389746726072     
          74          64  0.968753498680199     
          75          64  0.969993523141528     
          76          65  0.958273378438193     
          77          65  0.956999422217021     
          78          66  0.907744495679919     
          79          68  0.921673920892251     
          80          68  0.916381192539003     
          81          69  0.914617051283789     
          82          69  0.916893554737251     
          83          61   1.31013753472415     
          84          83  0.991230145497282     
          85          84  0.932646221780707     
          86          85   1.63397970580503     
          87          84  0.979951762973665     
          88          87   1.00727883488991     
          89          83  0.878371708642870     
          90          84  0.950225750084455     
          91          87  0.963923629277667     
          92          87  0.970352155286009     
          93          88  0.872206069947423     
          94          85   1.29325628337795     
          95          94  0.983169428253747     
          96          95  0.927887669495659     
          97          96   1.58685864151217     
          98          95  0.988878767684761     
          99          98  0.959942373974565     
         100          99   1.65312601939110     
         101          99   1.30712964555488     
         102          94  0.917493981413052     
         103          95  0.954260573514852     
         104          98  0.947150432411876     
         105          98  0.960873983160037     
         106         101  0.924141094090289     
         107         101  0.926938848724825     
         108          96   1.34981945241974     
         109         108  0.972250833759532     
         110         109  0.940672890375979     
         111         110   1.58006985858668     
         112         109  0.961853733312462     
         113         112   1.00378492178234     
         114         113   1.41352326264222     
         115         113   1.41369817838080     
         116         114   1.44225110347798     
         117         115   1.44568484261122     
         118         116   1.44017917210280     
         118         117   1.43768317186102     
         119         108  0.862312155147863     
         120         109  0.952483141212752     
         121         112  0.963699954220033     
         122         112  0.957358724132412     
         123         114  0.962660762615394     
         124         115  0.968896846509046     
         125         116  0.969874624718324     
         126         117  0.970399583284244     
         127         118  0.970268483561339     
         128         110   1.32513865745040     
         129         128  0.985674691850108     
         130         129  0.938002006343477     
         131         130   1.60333381223484     
         132         129  0.982912528552056     
         133         132  0.959162967415987     
         134         133   1.66306197783850     
         135         133   1.30413604276603     
         136         128  0.889604872083012     
         137         129  0.946335695118544     
         138         132  0.950245924644686     
         139         132  0.960883606603466     
         140         135  0.918919323789611     
         141         135  0.934284552349676     
         142         130   1.30635295640060     
         143         142  0.984910448302707     
         144         143  0.942408732560040     
         145         144   1.59518093488446     
         146         143  0.960655494356301     
         147         146   1.00953390096747     
         148         146   1.00667691393832     
         149         142  0.889010780392657     
         150         143  0.945225434502273     
         151         146  0.962698257277103     
         152         147  0.983636437564044     
         153         147  0.985359558538089     
         154         147  0.984899224634455     
         155         148  0.982876891414461     
         156         148  0.985269706819883     
         157         148  0.981277512867364     
         158         144   1.30845890181848     
         159         158  0.980632231985428     
         160         159  0.934570613037083     
         161         160   1.62311504879115     
         162         159  0.986340956675746     
         163         162  0.991865804682190     
         164         158  0.875182795244857     
         165         159  0.954388732805666     
         166         162  0.972003059860368     
         167         162  0.964569410309075     
         168         163  0.933244898593489     
         169         160   1.29770213919855     
         170         169  0.988685176585788     
         171         170  0.930288022942848     
         172         171   1.62002880459561     
         173         170  0.976856514892543     
         174         173   1.00384371573545     
         175         174   1.00987228673737     
         176         175  0.980459846810199     
         177         176   1.32425708910645     
         178         177   1.32082845924311     
         179         177   1.30157720085157     
         180         169  0.887390503738552     
         181         170  0.936305441359096     
         182         173  0.972320331201522     
         183         173  0.968968476255151     
         184         174  0.969825913817558     
         185         174  0.967796747516214     
         186         175  0.955479750940190     
         187         175  0.955729838619837     
         188         176  0.913155875132483     
         189         178  0.913010297162590     
         190         178  0.918500545640125     
         191         179  0.920407327942969     
         192         179  0.918577467999552     
         193         171   1.30424423306350     
         194         193  0.989543102951751     
         195         194  0.931050671878233     
         196         195   1.56405300782649     
         197         194  0.972222425584648     
         198         197  0.990801557842561     
         199         198   1.00706255615790     
         200         198   1.01027055959916     
         201         193  0.891186653002250     
         202         194  0.949489804935158     
         203         197  0.970290305561385     
         204         197  0.973361614538583     
         205         198  0.966593111162688     
         206         199  0.984811255021060     
         207         199  0.983285318091242     
         208         199  0.986143163043823     
         209         200  0.983876138334805     
         210         200  0.986558359850034     
         211         200  0.983861096654137     
         212         195   1.32990408408828     
         213         212  0.973116384848731     
         214         213  0.870555274214342     
         215         214   1.49955267127228     
         216         213  0.990889146863599     
         217         216   1.00485735157809     
         218         212  0.974176744325025     
         218         217   1.00010397812108     
         219         214   1.51908885181210     
         220         213  0.958325571331397     
         221         216  0.976827606575946     
         222         216  0.977350658941582     
         223         217  0.982154884049822     
         224         217  0.978535074151126     
         225         218  0.962782495721114     
         226         218  0.962444284086814     
