   -0.15667632
   -0.03321088
    0.26345362
   -0.44424620
    0.04698527
   -0.46367489
    0.30991406
    0.30720901
    0.31462884
    0.14815254
    0.06980698
    0.08334591
    0.34471020
   -0.14772650
   -0.00402984
    0.27886485
   -0.46147814
   -0.02939165
   -0.06934802
   -0.11611256
   -0.11996293
    0.22465556
    0.10538623
    0.05174557
    0.05504500
    0.04378329
    0.05590265
    0.04912738
    0.03047917
    0.04009278
    0.05533188
    0.04037554
   -0.17995287
    0.01204414
    0.28845977
   -0.50623377
   -0.02904113
   -0.11626619
   -0.12373112
    0.21586267
    0.05308963
    0.07440899
    0.05719324
    0.03713057
    0.03487533
    0.06006108
    0.04004986
    0.05469096
   -0.18359225
    0.01898451
    0.27139415
   -0.50911985
   -0.15493526
    0.22787259
    0.06237710
    0.07722997
    0.08836834
    0.09714790
   -0.16874324
    0.00294657
    0.27836032
   -0.49742878
   -0.09847277
   -0.08415921
   -0.02772657
   -0.13758452
    0.22909137
   -0.23908220
   -0.25844233
    0.24965826
    0.09375214
    0.11163245
    0.07189041
    0.08050215
    0.05553267
    0.08290558
    0.08191258
    0.24032645
    0.23155274
    0.25323949
    0.25624385
    0.25200546
   -0.18264263
    0.01896633
    0.28194424
   -0.49823561
    0.07803217
   -0.45671013
    0.24668713
    0.07793205
    0.04051711
    0.02510394
    0.33953340
   -0.16792840
    0.03507471
    0.27040589
   -0.51008118
   -0.11452562
    0.29406246
   -0.49481036
   -0.28980014
    0.20985941
    0.06611010
    0.09987129
    0.08095139
    0.23386522
    0.23482492
   -0.18115961
    0.02320795
    0.28592941
   -0.50972370
   -0.09145029
    0.00521642
   -0.05158496
   -0.04133329
   -0.03630404
   -0.03432363
   -0.03728499
    0.25116829
    0.06924627
    0.08148966
    0.08091649
    0.05608757
    0.03757009
    0.04497825
    0.04134806
    0.04442138
   -0.17204589
    0.03199698
    0.27736784
   -0.49809709
   -0.11036085
    0.28810175
   -0.45352042
   -0.28987960
    0.23725748
    0.08582529
    0.08321412
    0.07299097
    0.24499043
    0.21941162
   -0.18365805
    0.02165692
    0.28155802
   -0.51210784
   -0.01778592
   -0.11133602
   -0.12063483
    0.22414327
    0.07045710
    0.05734110
    0.05668350
    0.02967228
    0.04113372
    0.05499968
    0.04993519
    0.05290710
   -0.19949037
    0.03937173
    0.28628853
   -0.49999459
   -0.02181662
   -0.32053698
    0.23404963
    0.05046074
    0.07750041
    0.09400551
    0.23458854
   -0.18420581
    0.02194873
    0.27170954
   -0.50917012
   -0.07741058
   -0.08518086
   -0.02882513
   -0.13503772
    0.23109057
   -0.23888376
   -0.26160533
    0.22095298
    0.07939801
    0.06317291
    0.07306376
    0.07418131
    0.09359835
    0.06907460
    0.10652241
    0.22947839
    0.23952055
    0.24924240
    0.24396978
    0.24848002
   -0.19060241
    0.03299063
    0.25977467
   -0.55719846
   -0.06559089
   -0.00625109
   -0.11404705
   -0.11496354
    0.21285002
    0.06841536
    0.04306348
    0.03986375
    0.03332904
    0.05500884
    0.03481923
    0.04389118
    0.05812929
    0.03751536
    0.03144768
   -0.08163395
    0.01957239
    0.37454077
   -0.64417461
   -0.05874215
   -0.05793461
    0.00447377
   -0.62943277
    0.01757584
    0.04238872
    0.04629188
    0.03953213
    0.06276805
    0.05499569
    0.06676168
